
Last position-specific scoring matrix computed, weighted observed percentages rounded down, information per position, and relative weight of gapless real matches to pseudocounts
           A  R  N  D  C  Q  E  G  H  I  L  K  M  F  P  S  T  W  Y  V   A   R   N   D   C   Q   E   G   H   I   L   K   M   F   P   S   T   W   Y   V
    1 M   -2 -3 -4 -5 -3 -2 -4 -4 -3  0  1 -3  9 -1 -4 -3 -2 -3 -3 -1    0   0   0   0   0   0   0   0   0   0   2   0  98   0   0   0   0   0   0   0  1.61 0.27
    2 P    1 -3 -2 -2 -3 -1 -2 -2 -3 -3 -3 -2 -3 -4  6  3  1 -4 -3 -3   12   0   0   0   0   2   0   1   0   0   0   0   0   0  47  28  10   0   0   0  1.02 0.18
    3 P   -1 -1  3  1 -3  1  1  0  1 -3 -2 -1 -2 -3  2  1  2 -4 -3 -2    1   0  21   8   0   6  10   4   3   0   3   0   0   0  12   7  22   0   0   2  0.32 0.09
    4 S    2 -1  0  1 -2 -1  0  0 -2 -3 -3 -1 -2 -3  2  3  2 -4 -3 -2   25   2   3   7   0   0   3   3   1   0   0   0   1   0  12  27  15   0   0   1  0.36 0.12
    5 I   -2 -3 -4 -4 -2 -3 -4 -4 -4  2  4 -3  4 -1 -2 -3 -2 -1 -2  2    2   0   0   0   0   0   0   0   0   7  60   0  12   0   1   0   1   1   0  14  0.64 0.19
    6 S    0 -2  0  2 -3 -1  2  1 -1 -3 -3  0 -2 -2  1  3  0 -4 -3 -3    4   1   3  12   0   0  17  12   0   0   2   3   0   1   6  34   4   0   0   0  0.34 0.14
    7 A    2 -2  0 -2 -1 -1 -1  0 -1 -2 -1 -1 -1 -2  0  3  2  4 -2 -1   18   0   3   0   0   1   1   6   2   0   8   4   1   1   4  33  12   6   0   2  0.28 0.14
    8 F    0 -2 -2 -2 -2  1 -1 -1 -1  0  2 -2  2  1 -1 -1 -1  1  1  1   10   0   0   1   0   8   2   4   1   2  29   0   9   6   2   5   3   2   6  10  0.13 0.09
    9 Q   -2 -1  2  5 -4  2  1 -2  1 -4 -3  1 -3 -3 -2  1  0 -3 -3 -4    1   2   7  43   0  11   5   0   3   0   1   7   0   1   1  12   5   0   0   0  0.61 0.19
   10 A    2 -2 -2 -3 -2 -2 -3  1 -3  2  0 -2  1 -2 -2  0  0  0 -2  2   25   1   1   0   0   0   0  11   0  11   6   1   6   0   1   6   6   2   0  24  0.20 0.12
   11 A    1 -3 -3 -4 -2 -3 -3 -3 -3  3  2 -3  2  0 -2 -1  1 -3 -1  3   13   0   0   0   0   0   0   0   0  24  18   0   5   4   2   2  10   0   1  22  0.32 0.14
   12 Y   -5 -5 -5 -6 -5 -4 -5 -6 -1 -4 -4 -5 -4  0 -6 -5 -5  0 10 -4    0   0   0   0   0   0   0   0   0   0   0   0   0   0   0   0   0   0 100   0  2.80 0.58
   13 I   -3 -5 -5 -5 -3 -5 -5 -6 -5  7  0 -5  1 -1 -5 -4 -1 -5 -3  2    0   0   0   0   0   0   0   0   0  84   2   0   2   1   0   0   3   0   0   7  1.39 0.37
   14 G    2 -3 -2 -3  0 -2 -2  3 -3  0 -2 -2  0 -2 -3  2  2 -4 -3  2   15   0   0   0   2   0   0  23   0   5   1   0   4   1   0  18  15   0   0  17  0.30 0.15
   15 I   -1 -3 -4 -4 -2 -3 -4 -4 -4  3  3 -3  4  1 -4 -2  1 -3 -2  2    2   0   0   0   0   0   0   0   0  21  28   0  18   4   0   1  10   0   0  15  0.51 0.19
   16 E   -3 -3 -3 -1 -6 -1  8 -5 -3 -6 -6 -2 -5 -6 -4 -3 -3 -6 -5 -5    0   0   0   1   0   0  99   0   0   0   0   0   0   0   0   0   0   0   0   0  2.02 0.49
   17 V    0 -3 -3 -4  4 -3 -3 -2 -4  2  2 -3  0 -1 -3  1  0 -4 -3  3    6   0   0   0  11   0   0   2   0   9  27   0   0   1   0  13   7   0   0  25  0.34 0.15
   18 L    1 -4 -4 -4 -2 -3 -4 -4 -4  2  3 -3  1  0 -4 -2 -1 -3 -2  3   16   0   0   0   0   0   0   0   0   7  40   0   2   2   0   0   3   0   0  28  0.49 0.19
   19 I   -3 -5 -5 -5 -3 -5 -5 -6 -6  7  0 -5 -1 -2 -5 -4 -2 -5 -4  2    0   0   0   0   0   0   0   0   0  84   3   0   0   0   0   0   1   0   0  11  1.46 0.38
   20 A    6 -4 -3 -4 -3 -3 -3  3 -4 -4 -4 -3 -3 -5 -3 -1 -2 -5 -4 -3   74   0   0   0   0   0   0  24   0   0   0   0   0   0   0   1   0   0   0   0  1.14 0.35
   21 L    0 -4 -5 -5  0 -4 -4 -4 -4  3  4 -4  0 -1 -4 -3 -2 -4 -3  3    8   0   0   0   1   0   0   1   0  15  45   0   1   1   0   0   0   0   0  29  0.61 0.21
   22 V    1 -3 -3 -4  4 -3 -3 -3 -3  0  3 -3  0  3 -4  1 -1 -3 -1  1   14   0   0   0  10   0   0   0   0   1  34   0   1  19   0  13   1   0   0   8  0.38 0.17
   23 S    5 -3 -2 -3  2 -2 -3 -2 -3 -4 -4 -3 -3 -4 -3  4 -1 -5 -4 -3   52   0   0   0   4   0   0   0   0   0   0   0   0   0   0  44   0   0   0   0  0.98 0.33
   24 V   -1 -4 -4 -5  2 -4 -4 -5 -5  4 -1 -4 -1 -3 -4 -3  2 -5 -3  5    2   0   0   0   4   0   0   0   0  26   1   0   0   0   0   0  13   0   0  54  0.83 0.27
   25 P    1 -3 -4 -4 -2 -3 -3 -3 -4  1  3 -3  1 -1  1 -1 -1 -3 -2  3   14   0   0   0   0   0   0   0   0   7  42   0   1   2   7   3   2   0   0  22  0.41 0.17
   26 G   -2 -5 -3 -4 -5 -4 -5  7 -5 -6 -6 -4 -5 -6 -5 -3 -4 -5 -6 -4    0   0   0   0   0   0   0  99   0   0   0   0   0   0   0   0   0   0   0   1  2.10 0.45
   27 N   -4 -3  9 -1 -6 -3 -3 -3 -2 -6 -6 -3 -5 -6 -5 -1 -3 -7 -5 -6    0   0  98   0   0   0   0   0   0   0   0   0   0   0   0   2   0   0   0   0  2.30 0.53
   28 V    1 -4 -4 -5 -3 -4 -4 -4 -5  4 -1 -4  1 -3 -4 -3  0 -5 -3  5   11   0   0   0   0   0   0   0   0  22   1   0   2   0   0   0   5   0   0  58  0.81 0.27
   29 L   -4 -4 -6 -6 -3 -4 -5 -6 -5  0  6 -5  3 -1 -4 -5 -3 -4 -3 -1    0   0   0   0   0   0   0   0   0   0  90   0   8   1   1   0   0   0   0   0  1.35 0.37
   30 V   -2 -5 -5 -6 -3 -5 -5 -6 -6  1 -1 -5 -2 -3 -5 -4 -2 -5 -4  7    1   0   0   0   0   0   0   0   0   2   0   0   0   0   0   0   0   0   0  97  1.63 0.43
   31 I   -3 -5 -5 -5  8 -5 -5 -5 -5  5 -1 -5 -1 -2 -5 -4 -2 -5 -4  3    0   0   0   0  33   0   0   0   0  46   0   0   1   1   0   0   1   0   0  18  1.24 0.33
   32 W    0 -6 -6 -7 -1 -5 -6 -5 -5 -5 -1 -6 -3 -2 -6 -4 -5 12  0 -5    8   0   0   0   1   0   0   0   0   0   7   0   0   0   0   1   0  82   1   0  3.29 0.60
   33 A    5 -4 -4 -4 -2 -3 -3 -2 -4 -1 -3 -3 -2 -3 -3 -1 -1 -5 -4  3   67   0   0   0   0   0   0   1   0   0   0   0   0   1   0   2   1   0   0  29  0.92 0.32
   34 V   -2 -5 -5 -6 -3 -5 -5 -6 -6  1 -1 -5 -2 -3 -5 -4 -2 -5 -4  7    1   0   0   0   0   0   0   0   0   2   2   0   0   0   0   0   0   0   0  96  1.62 0.44
   35 K    0  2 -2 -3  4 -1 -2  0 -2 -4 -4  5 -3 -3 -3 -1 -2  4  1 -3    9  11   0   0  11   1   0   8   0   0   0  45   0   1   0   2   0   7   5   0  0.61 0.24
   36 V   -2 -3 -4 -5 -3 -3 -4 -5 -4  3  4 -3  3 -1 -4 -2  0 -4 -3  1    1   0   0   0   0   0   0   0   0  19  55   0   7   0   0   2   6   0   0   8  0.65 0.22
   37 N   -3 -2  8 -1 -5 -2 -3 -3 -2 -5 -5 -2 -5 -6 -4  1 -2 -6 -5 -5    1   1  86   0   0   0   0   0   0   1   0   1   0   0   0   9   1   0   0   0  1.83 0.46
   38 Q    0  2 -1 -2 -3  2 -2 -3 -1 -4 -3  0 -3 -4  4  4  0 -5 -4 -3    4  13   1   0   0  10   0   0   1   0   1   4   0   0  22  41   3   0   0   0  0.67 0.25
   39 A    4 -3  3 -2 -3 -2 -2 -1 -3 -3 -4 -2 -2 -4 -3  3  2 -5 -3 -2   39   0  19   0   0   1   0   2   0   0   0   0   0   0   0  23  16   0   0   0  0.61 0.25
   40 L   -3 -4 -5 -6 -1 -4 -5 -5 -5 -1  6 -4  0  3 -5 -4 -3 -3 -2 -1    1   0   0   0   1   0   0   0   0   0  84   0   1  12   0   1   0   0   0   0  1.17 0.33
   41 R   -3  5 -2 -3 -5  7 -1 -4  0 -5 -4  2 -3 -5 -4 -2 -3 -4 -4 -5    0  31   0   0   0  56   0   0   2   0   0  10   0   0   0   0   0   0   0   0  1.33 0.38
   42 D   -2 -2  5  4 -4  1 -1 -3 -2 -4 -4  1 -3 -4 -3  1  3 -5 -4 -3    0   0  33  23   0   5   1   0   0   0   0   8   0   0   0   9  20   0   0   0  0.70 0.24
   43 A    2 -3 -1 -3 -3 -3 -3 -3 -3  1 -2 -3 -1 -4  3 -1  5 -4 -3  1   18   0   2   0   0   0   0   0   0   9   0   0   1   0  13   1  47   0   0   8  0.62 0.25
   44 T   -3 -4 -3 -4 -3 -3 -3 -4 -4 -2 -4 -3 -3 -5 -4 -1  8 -5 -4 -2    0   0   0   0   0   0   0   0   0   1   0   0   0   0   0   0  97   0   0   0  1.86 0.50
   45 F   -4 -4  5 -3 -1 -4 -4 -4 -2 -2  0 -4  0  7 -5 -3 -3 -2  0 -3    0   0  31   0   1   0   0   0   0   1   9   0   2  53   0   1   0   0   1   0  1.13 0.34
   46 C   -3 -4 -4 -5  6 -4 -4 -5  1 -3 -2 -4 -3  4 -5 -2 -3  0  7 -3    0   0   0   0  21   0   0   0   2   1   1   0   0  19   0   4   0   0  50   0  1.47 0.37
   47 F   -5 -5 -5 -6 -5 -5 -6 -6 -3 -2 -1 -5 -2  9 -6 -5 -5 -1  3 -3    0   0   0   0   0   0   0   0   0   0   2   0   0  88   0   0   0   0   9   0  2.13 0.46
   48 I   -3 -4 -5 -5 -3 -4 -5 -5 -5  6  2 -4  1 -1 -4 -4 -2 -4 -3  3    0   0   0   0   0   0   0   0   0  57  18   0   2   1   0   0   0   0   0  21  0.97 0.28
   49 V    0 -5 -5 -5 -3 -4 -4 -3 -5  2 -1 -4 -1 -3 -4 -3 -2 -5 -3  7    8   0   0   0   0   0   0   1   0   5   0   0   0   0   0   1   1   0   0  83  1.20 0.36
   50 S   -1 -3 -2 -3 -3 -3 -3 -3 -3 -5 -5 -3 -4 -5 -3  7 -1 -5 -4 -4    0   0   0   0   0   0   0   0   0   0   0   0   0   0   0  99   0   0   0   0  1.71 0.49
   51 L   -4 -5 -6 -6 -4 -5 -5 -6 -5 -1  6 -5  0 -2 -5 -5 -4 -4 -3 -1    0   0   0   0   0   0   0   0   0   0  99   0   0   0   0   0   0   0   0   0  1.57 0.41
   52 A    7 -4 -4 -4 -3 -3 -3 -2 -4 -4 -4 -3 -3 -5 -3 -1 -2 -5 -4 -3   99   0   0   0   0   0   0   0   0   0   0   0   0   0   0   0   0   0   0   0  1.64 0.46
   53 V    1 -4 -5 -5 -3 -4 -4 -4 -4  1  4 -4  0 -1 -4 -3 -2 -4 -3  4   14   0   0   0   0   0   0   0   0   3  45   0   1   1   0   0   0   0   0  37  0.69 0.25
   54 A    6 -4 -4 -4 -3 -3 -3 -2 -4 -4 -4 -3 -3 -5 -3 -1  1 -5 -4 -3   91   0   0   0   0   0   0   0   0   0   0   0   0   0   0   1   7   0   0   0  1.42 0.42
   55 D   -4 -4 -1  8 -6 -3 -1 -4 -4 -6 -6 -3 -6 -6 -4 -3 -4 -7 -6 -6    0   0   0  98   0   0   0   0   0   0   0   0   0   0   0   0   0   0   0   0  2.28 0.50
   56 V   -2 -5 -5 -4 -3 -5 -5 -6 -5  7  0 -5  0  1 -5 -4 -2 -4 -3  2    2   0   0   1   0   0   0   0   0  72   3   0   1   5   0   0   1   0   0  13  1.15 0.33
   57 A    6 -4 -4 -4 -3 -3 -3 -2 -4 -3  0 -3 -3 -4 -3 -1 -2 -5 -4 -1   86   0   0   0   0   0   0   0   0   0   9   0   0   0   0   1   1   0   0   2  1.21 0.39
   58 V   -2 -5 -5 -6 -3 -4 -5 -6 -5  0 -1 -5  3 -3 -5 -4 -2 -5 -4  7    1   0   0   0   0   0   0   0   0   1   0   0   8   0   0   0   0   0   0  90  1.53 0.43
   59 G   -2 -5 -3 -4 -5 -4 -5  7 -5 -7 -6 -4 -5 -6 -5 -3 -4 -5 -6 -6    1   0   0   0   0   0   0  99   0   0   0   0   0   0   0   0   0   0   0   0  2.19 0.47
   60 A    2 -3 -3 -4  2 -3 -3 -3 -4  2  2 -3  0  0 -3 -1  0 -3 -2  3   20   0   0   0   6   0   0   0   0  15  20   0   1   3   0   5   3   0   0  26  0.34 0.15
   61 L   -4 -4 -6 -6 -3 -4 -5 -6 -3  0  6 -5  0  2 -5 -5 -3 -4 -2  1    0   0   0   0   0   0   0   0   1   0  84   0   0   8   0   0   0   0   0   6  1.19 0.35
   62 V    4 -4 -4 -5 -3 -4 -4 -2 -5  0 -2 -4 -2 -3 -4 -2 -2 -5 -4  5   41   0   0   0   0   0   0   2   0   0   0   0   0   0   0   0   1   0   0  56  0.94 0.34
   63 I   -3 -5 -5 -5 -3 -4 -5 -6 -5  7  0 -5  6 -2 -5 -4 -1 -5 -4  2    0   0   0   0   0   0   0   0   0  67   0   0  22   0   0   0   3   0   0   8  1.31 0.38
   64 P   -4 -5 -5 -5 -6 -4 -4 -5 -2 -6 -6 -4 -6 -7  9 -4 -4 -7 -6 -5    0   0   0   0   0   0   0   0   1   0   0   0   0   0  99   0   0   0   0   0  3.03 0.59
   65 L   -2 -4 -5 -6 -4 -4 -5 -5 -4 -1  5 -5  0  6 -5 -4 -3 -2 -1 -1    3   0   0   0   0   0   0   0   0   0  60   0   1  34   0   0   0   0   0   2  1.08 0.32
   66 A    7 -4 -4 -4 -3 -3 -3 -2 -4 -4 -4 -3 -3 -5 -3 -1 -2 -5 -4 -3   97   0   0   0   0   0   0   0   0   0   0   0   0   0   0   2   1   0   0   0  1.60 0.46
   67 I   -3 -5 -6 -6 -3 -5 -5 -6 -6  7 -1 -5 -1 -3 -5 -5 -3 -5 -4  4    0   0   0   0   0   0   0   0   0  76   0   0   0   0   0   0   0   0   0  24  1.47 0.39
   68 L   -1 -4 -3 -4 -3 -3 -3 -4 -4  2  1 -3  1 -2 -3 -1  4 -4 -3  4    4   0   0   0   0   0   0   0   0  11  10   0   3   0   0   1  35   0   0  36  0.61 0.25
   69 I   -3 -5 -5 -5 -3 -5 -5 -6 -5  6  1 -5  1 -2 -5 -4 -2 -5 -3  4    0   0   0   0   0   0   0   0   0  59   6   0   2   0   0   0   0   0   0  31  1.14 0.33
   70 N   -1 -3  2  0 -4 -2 -2 -3 -3 -4 -5 -3 -4 -5 -3  6 -1 -5 -3 -4    0   0  10   5   0   0   1   0   0   1   0   0   0   0   0  83   1   0   1   0  1.30 0.42
   71 I   -2 -3 -3 -4 -3 -2 -4 -2 -4  3  4 -4  1 -2 -4 -3  1  0 -3  1    1   0   1   0   0   1   0   3   0  22  50   0   3   0   0   0  13   1   0   5  0.57 0.22
   72 G   -2 -1 -1 -2 -5 -2 -1  7 -3 -6 -6 -3 -5 -5 -4 -2 -4 -2 -5 -5    0   4   2   1   0   1   5  84   1   0   0   1   0   0   0   1   0   1   0   0  1.56 0.38
   73 P   -3 -4 -5 -5 -3 -4 -4 -5 -4  3  2 -4  1  5  1 -4 -2 -2  0  2    0   0   0   0   0   0   0   0   0  22  18   0   3  30   8   0   1   0   0  18  0.63 0.22
   74 Q   -1  1  0 -2  7  3 -1 -3  1 -1 -3  0 -2 -4 -1  1  1 -3 -2  0    1   7   4   0  26  16   3   0   4   2   0   6   0   0   3  10   7   0   1   9  0.43 0.19
   75 T    1 -3 -3 -3 -2 -3 -3 -3 -3  2  0 -3  3 -1 -3  0  4 -4 -3  1   13   0   0   0   0   0   0   0   0  16   6   0   9   2   0   7  37   0   0   9  0.44 0.21
   76 Y   -1 -1  1  3 -1  1  0 -3  7 -4 -3 -2 -3 -2  1  0 -2 -4  1 -4    5   3   8  18   1   7   4   1  36   0   1   0   0   2   6   5   0   0   4   0  0.67 0.24
   77 F   -4 -6 -6 -6  2 -6 -6 -6 -4 -3 -2 -6 -3  9 -6 -3 -4 -2  1 -3    1   0   0   0   5   0   0   0   0   0   0   0   0  90   0   2   1   0   2   0  2.17 0.49
   78 H   -4 -3 -1 -5 -3 -3 -3 -5  7 -4 -4 -3 -4  1 -5 -3 -4 -1  8 -4    0   0   3   0   0   0   1   0  25   0   0   1   0   2   0   1   0   0  65   0  1.91 0.47
   79 T    1 -3 -1 -2 -1 -2 -2  3 -3 -3 -3 -2 -3 -2 -3  4  3 -4 -3 -1    7   0   1   0   1   0   0  23   0   0   1   0   0   2   0  41  18   0   0   5  0.57 0.24
   80 C   -4 -7 -6 -7 12 -6 -7 -6 -6 -4 -5 -6 -5 -6 -6 -4 -4 -6 -6 -4    0   0   0   0 100   0   0   0   0   0   0   0   0   0   0   0   0   0   0   0  3.68 0.67
   81 L   -4 -5 -6 -6 -4 -5 -5 -6 -5 -1  6 -5  0 -2 -5 -5 -4 -4 -3 -1    0   0   0   0   0   0   0   0   0   0 100   0   0   0   0   0   0   0   0   0  1.61 0.43
   82 M   -3 -5 -6 -6 -5 -5 -6 -6 -4 -1  1 -5  3  8 -6 -4 -4 -2  1 -2    1   0   0   0   0   0   0   0   0   2  12   0   8  75   0   1   0   0   1   1  1.67 0.42
   83 V   -3 -4 -5 -5 -3 -4 -4 -3 -4  4  3 -4  6  1 -5 -3 -2 -4 -2  2    0   0   0   0   0   0   0   2   0  24  24   0  28   5   0   0   0   0   0  17  0.77 0.27
   84 A    5 -4 -3 -4  8 -3 -4 -3 -4 -3 -4 -3 -3 -5 -4  2  0 -5 -4 -2   48   0   0   0  30   0   0   0   0   1   0   0   0   0   0  14   5   0   0   1  1.12 0.35
   85 C   -4 -7 -6 -7 12 -6 -7 -6 -6 -5 -5 -6 -5 -6 -6 -2 -4 -6 -6 -4    0   0   0   0  97   0   0   0   0   0   0   0   0   0   0   3   0   0   0   0  3.58 0.68
   86 P   -3 -4 -4 -5 -3 -4 -4 -5 -4  0  4 -4  0  5  1 -3  0 -2 -1  1    0   0   0   0   0   0   0   0   0   2  40   0   0  34   8   1   7   0   0   7  0.72 0.26
   87 V   -3 -4 -5 -5 -3 -4 -4 -5 -5  2  3 -4  5 -2 -3 -4 -1 -4 -3  5    0   0   0   0   0   0   1   0   0   6  23   0  17   0   1   0   2   0   0  51  0.88 0.30
   88 L   -3 -4 -5 -6 -1 -4 -5 -6 -5  2  5 -4  4 -2 -5 -4 -3 -4 -3  2    0   0   0   0   1   0   0   0   0   7  66   0  11   0   0   0   0   0   0  14  0.99 0.30
   89 I   -1 -5 -5 -5 -3 -4 -5 -5 -5  5 -1 -4  1 -2 -5 -3 -1 -5 -3  5    3   0   0   0   0   0   0   0   0  35   1   0   3   1   0   1   3   0   0  54  1.01 0.32
   90 L   -4 -5 -5 -6 -4 -4 -5 -6 -4  1  5 -5  0  5 -5 -5 -3 -3 -1 -1    0   0   0   0   0   1   0   0   0   8  59   0   0  31   0   0   0   0   0   1  1.10 0.33
   91 T   -3 -4 -3 -4 -2 -3 -4 -4 -4 -4 -4 -3 -3 -5 -1  1  7 -5 -4 -3    0   0   0   0   0   0   0   0   0   0   0   0   0   0   2   9  89   0   0   0  1.72 0.50
   92 Q   -3 -1  2 -3 -5  7  0 -4  6 -3 -4 -2 -2 -5 -4 -2 -2 -5 -2 -4    0   1  12   0   0  60   4   0  18   1   1   0   1   0   0   1   2   0   0   1  1.32 0.42
   93 S    4 -3  0 -3 -2 -3 -3 -2 -3 -4 -4 -3 -3 -5 -3  5  0 -5 -4 -3   37   0   3   0   1   0   0   1   0   0   0   0   0   0   0  55   3   0   0   1  1.00 0.36
   94 S   -2 -4 -2 -3 -4 -3 -3 -3 -4 -5 -6 -3 -4 -5 -4  7 -1 -6 -5 -5    0   0   0   0   0   0   0   0   0   0   0   0   0   0   0 100   0   0   0   0  1.88 0.55
   95 I   -4 -6 -6 -6 -4 -6 -6 -7 -6  8 -1 -5 -1 -3 -6 -5 -3 -5 -4  2    0   0   0   0   0   0   0   0   0  94   0   0   0   0   0   0   0   0   0   6  1.87 0.48
   96 L   -4 -4 -5 -6 -4 -4 -5 -6 -4 -1  5 -5  4  6 -5 -5 -4 -3 -1 -2    0   0   0   0   0   0   0   0   0   0  54   0  12  33   0   0   0   0   0   0  1.17 0.35
   97 A    2 -3 -2 -3 -3 -3 -3 -3 -4 -5 -5 -3 -4 -3 -3  6 -1 -5 -4 -4   17   0   0   0   0   0   0   0   0   0   0   0   0   1   0  81   1   0   0   0  1.37 0.45
   98 L   -4 -5 -6 -6 -4 -5 -6 -6 -5 -1  6 -5  0 -2 -6 -5 -4 -4 -4 -2    0   0   0   0   0   0   0   0   0   0  99   0   1   0   0   0   0   0   0   0  1.65 0.45
   99 L   -4 -5 -6 -6 -4 -5 -5 -6 -2 -1  6 -5  1 -2 -6 -5 -4 -4 -3 -2    0   0   0   0   0   0   0   0   1   0  97   0   1   0   0   0   0   0   0   0  1.57 0.43
  100 A    7 -4 -4 -5 -3 -4 -4 -2 -4 -4 -4 -3 -4 -5 -4 -1 -3 -5 -5 -2   98   0   0   0   0   0   0   1   0   0   0   0   0   0   0   0   0   0   0   1  1.68 0.49
  101 I   -4 -6 -6 -6 -4 -5 -6 -6 -6  7 -1 -5 -1 -3 -5 -5 -2 -5 -2  3    0   0   0   0   0   0   0   0   0  85   0   0   0   0   0   0   1   0   1  13  1.63 0.43
  102 A    7 -4 -4 -4 -3 -3 -3 -2 -4 -3 -4 -3 -3 -5 -3  0 -2 -5 -4 -3   93   0   0   0   0   0   0   0   0   1   0   0   0   0   0   4   1   0   0   0  1.53 0.46
  103 V   -3 -5 -5 -5 -3 -5 -5 -6 -5  6 -1 -5  0 -2 -3 -4 -3 -5 -2  5    0   0   0   0   0   0   0   0   0  50   1   0   2   1   1   0   0   0   1  44  1.17 0.35
  104 D   -5 -5 -1  8 -7 -3 -1 -4 -2 -6 -7 -4 -6 -6 -4 -3 -4  0 -6 -6    0   0   1  97   0   0   0   0   1   0   0   0   0   0   0   0   0   1   0   0  2.32 0.54
  105 R   -4  8 -3 -5 -6 -1 -3 -5 -3 -6 -5 -1 -4 -6 -5 -4 -3 -6 -5 -4    0  97   0   0   0   1   0   0   0   0   0   0   0   0   0   0   1   0   0   1  2.26 0.55
  106 Y   -4 -5 -5 -4 -2 -5 -5 -6 -1 -2 -4 -5 -4  2 -6 -5 -5  1  9 -4    0   0   0   1   1   0   0   0   0   2   0   0   0   5   0   0   0   1  89   0  2.50 0.58
  107 L   -4 -5 -6 -6 -3 -4 -5 -6 -5  3  6 -5  1 -2 -5 -5 -3 -1 -3 -1    0   0   0   0   0   0   0   0   0  17  79   0   2   0   0   0   0   1   0   1  1.22 0.35
  108 R    4  7 -3 -4 -5 -1 -3 -4 -2 -5 -4 -1 -4 -5 -4 -2 -3 -3 -4 -4   34  64   0   0   0   1   0   0   0   0   0   0   0   0   0   0   0   0   0   0  1.37 0.42
  109 V   -3 -5 -5 -5 -3 -5 -5 -6 -5  5 -1 -5 -1 -3 -5 -3 -2 -5 -3  6    0   0   0   0   0   0   0   0   0  33   1   0   0   0   0   1   0   0   0  64  1.25 0.37
  110 K   -3  3 -2 -3  0 -1 -2 -4 -2 -5 -4  7 -2 -1 -2 -3 -3 -5 -4 -5    0  16   1   0   2   0   0   0   0   0   1  75   1   3   1   0   0   0   0   0  1.34 0.40
  111 I   -3 -4 -1 -5 -3 -4 -5 -5 -5  5  3 -4  2  0 -5 -4 -2 -4 -3  1    0   0   4   0   0   0   0   0   0  49  33   0   4   2   0   0   0   0   0   7  0.85 0.27
  112 P   -3 -5 -4 -4 -5 -4 -4 -5 -2 -4 -3 -4 -5 -6  8 -2  1 -6 -5 -4    1   0   0   0   0   0   0   0   1   1   2   0   0   0  82   2  10   0   0   0  2.24 0.49
  113 L   -2 -2 -3 -4 -3 -3 -4 -4 -4  1  4 -3  2 -2 -3 -2  4 -4 -3  1    0   1   0   0   0   0   0   0   0   7  41   0   5   1   0   0  34   0   0  10  0.63 0.25
  114 R   -4  8 -3 -4 -6 -1 -3 -5 -3 -6 -5  0 -4 -5 -5  0 -3  0 -4 -5    0  89   0   0   0   1   0   0   0   0   0   1   0   0   0   7   0   1   0   0  1.93 0.49
  115 Y   -5 -5 -5 -6 -6 -5 -5 -6 -1 -4 -4 -5 -4  0 -6 -5 -5 -1 10 -4    0   0   0   0   0   0   0   0   0   0   0   0   0   0   0   0   0   0  99   0  2.91 0.64
  116 K   -3  4  4 -2 -5 -1 -2 -3 -2 -5 -4  5 -2 -5 -3  0 -2 -5 -4 -4    0  22  20   0   0   0   0   1   0   0   0  50   1   0   0   5   0   0   0   0  0.99 0.32
  117 M    1  3 -1 -1 -3 -1  0  0 -2  2 -2 -1 -1 -3 -3  3  1 -4 -3 -1   11  18   1   2   0   1   5   7   0  17   2   1   1   0   0  27   7   0   0   0  0.25 0.17
  118 V    0 -4 -4 -5 -3 -4 -4 -5 -4  4  3 -4  0 -1 -4 -3  0 -4 -3  4    6   0   0   0   0   0   0   0   0  23  32   0   1   1   0   0   4   0   0  33  0.63 0.22
  119 V   -1 -4 -4 -4 -3 -4 -4 -5 -5  2 -1 -4  2 -2 -4 -2  3 -5 -3  5    2   0   0   0   0   0   0   0   0   9   1   0   4   1   0   1  21   0   0  60  0.88 0.31
  120 T   -3 -3 -3 -2 -4 -3 -4 -4 -4 -3 -4 -3 -3 -5 -4 -1  8 -5 -4 -3    0   1   0   1   0   0   0   0   0   0   0   1   0   0   0   1  94   0   0   1  1.85 0.52
  121 P   -1  0 -1 -2 -4  3  2  3  0 -5 -4  2 -3 -5  3  0 -2 -4 -4 -4    1   3   1   0   0  19  13  29   2   0   0  11   0   0  14   5   0   0   0   0  0.57 0.21
  122 R   -2  6 -1 -3 -5  2 -1 -1 -1 -4 -4  3 -3 -5 -3 -1  0 -4 -3 -4    2  47   1   0   0   8   1   4   1   0   1  22   0   0   0   4   7   0   0   0  0.81 0.28
  123 R   -4  8 -3 -4 -1 -2 -3 -5 -3 -6 -5  0 -2 -6 -5 -3 -1 -4 -4 -5    0  92   0   0   1   0   0   0   0   0   0   2   1   0   0   0   3   0   0   0  2.03 0.51
  124 A    5 -4 -4 -4 -3 -3 -3 -3 -4  4 -2 -3 -2 -3 -3  0 -1 -5 -4  2   57   0   0   0   0   0   0   0   0  26   0   0   0   0   0   4   1   0   0  11  0.80 0.31
  125 A   -1  3 -3 -4  5 -1 -3  1 -3 -4 -4  2 -3 -1 -4 -3 -3  9  1 -3    6  18   1   0  12   2   0   9   0   0   0  15   0   2   0   1   0  30   3   1  1.05 0.31
  126 V    0 -2 -3 -3  0 -2 -1  2 -4  1  1 -3  1 -1 -4 -2 -1  5 -2  3    5   1   0   0   2   1   4  21   0   4  16   0   4   2   0   1   3   9   0  27  0.30 0.16
  127 A    4 -4 -4 -4  0 -3 -3 -2 -4  4 -1 -3 -1 -3 -3  0 -1 -4 -3  2   49   0   0   0   1   0   0   1   0  28   3   0   1   0   0   4   3   0   0  11  0.64 0.27
  128 I   -3 -5 -5 -5 -3 -4 -5 -6 -5  5  3 -5  0 -2 -5 -4 -3 -4 -3  3    0   0   0   0   0   0   0   0   0  44  33   0   0   0   0   0   0   0   0  23  0.98 0.29
  129 A    4 -4 -3 -4  3 -3 -3  4 -4 -3 -2 -3 -2 -1 -3 -1 -1 -2 -4 -1   41   0   0   0   8   0   0  35   0   1   3   0   0   2   0   1   4   1   0   4  0.69 0.26
  130 G   -2 -4 -4 -5  2 -4 -4 -2 -4  3  3 -4  1  0 -4 -3 -1 -2 -2  3    2   0   0   0   4   0   0   4   0  20  39   0   2   3   0   1   4   0   0  19  0.50 0.19
  131 C   -3 -6 -6 -6 11 -6 -6 -6 -6 -3  1 -6 -3 -1 -6 -2 -3 -5 -5 -1    0   0   0   0  78   0   0   0   0   0  14   0   0   2   0   2   1   0   0   4  2.48 0.53
  132 W   -6 -7 -8 -8 -6 -6 -7 -6 -6 -6 -5 -7 -5 -3 -8 -7 -6 13 -1 -7    0   0   0   0   0   0   0   0   0   0   0   0   0   0   0   0   0 100   0   0  4.68 0.82
  133 I   -1 -4 -4 -4 -2 -3 -4 -4 -4  3  3 -3  1  1 -4  0  0 -3 -2  2    4   0   0   0   0   0   0   0   0  24  33   0   2   5   0   7   5   0   0  18  0.46 0.18
  134 L   -3 -4 -5 -5 -3 -4 -5 -6 -5  2  5 -4  1 -2 -5 -4 -3 -4 -3  4    0   0   0   0   0   0   0   0   0   7  55   0   1   0   0   0   0   0   0  35  0.94 0.30
  135 S    2 -3 -2 -3 -1 -3 -3 -3 -4 -4 -5 -3 -4 -5 -2  6 -1 -5 -4 -4   17   0   0   0   1   0   0   0   0   0   0   0   0   0   1  80   0   0   0   0  1.32 0.44
  136 F   -1 -5 -5 -5  0 -5 -5 -5 -4  2  2 -5  1  7 -5 -4 -3 -2  0  2    4   0   0   0   2   0   0   0   0  10  17   0   3  51   0   0   0   0   0  13  0.95 0.29
  137 V    0 -3 -4 -5 -3 -4 -4  0 -4  3  4 -4  1 -2 -4 -3 -2 -4 -3  2    7   1   0   0   0   0   0  10   0  18  49   0   2   0   0   0   0   0   0  12  0.55 0.21
  138 V   -1 -4 -4 -5 -3 -4 -4 -2 -5  5  0 -4  0 -2 -4 -2  0 -5 -3  5    2   0   0   0   0   0   0   3   0  34   6   0   1   0   0   3   6   0   0  46  0.78 0.27
  139 G   -1 -5 -3 -4 -5 -4 -5  7 -5 -6 -6 -4 -5 -6 -5 -1 -4 -5 -6 -6    2   0   0   0   0   0   0  95   0   0   0   0   0   0   0   3   0   0   0   0  2.06 0.47
  140 L   -4 -5 -6 -6 -2 -4 -5 -6 -5  0  6 -5  2  2 -5 -4 -3 -4 -3 -1    0   0   0   0   1   0   0   0   0   0  85   0   4   9   0   0   0   0   0   1  1.28 0.37
  141 T   -2 -4 -3 -4 -3 -3 -4 -4 -4  2 -1 -3  0 -3 -1 -2  5 -5 -4  4    1   0   0   0   0   0   0   0   0  10   4   0   2   0   3   0  50   0   0  31  0.84 0.32
  142 P   -4 -5 -5 -5 -6 -4 -4 -5 -5 -6 -6 -4 -6 -7  9 -4 -4 -7 -6 -6    0   0   0   0   0   0   0   0   0   0   0   0   0   0 100   0   0   0   0   0  3.13 0.63
  143 M   -4 -4 -5 -6 -4 -4 -5 -6 -5 -1  1 -5 10  3 -6 -5 -4 -4 -3 -1    0   0   0   0   0   0   0   0   0   1  10   0  75  12   0   0   0   0   0   2  1.97 0.52
  144 F   -2 -5 -5 -6 -4 -4 -5 -5 -4  0  3 -5  3  7 -5 -4 -3 -2  0 -1    2   0   0   0   0   0   0   0   0   2  36   0   9  48   0   0   1   0   0   3  1.10 0.32
  145 G   -2 -5 -3 -3 -5 -4 -3  7 -5 -7 -7 -4 -6 -6 -5 -3 -4 -5 -6 -6    0   0   0   0   0   0   1  98   0   0   0   0   0   0   0   0   0   0   0   0  2.19 0.49
  146 W   -6 -7 -8 -8 -2 -6 -7 -6 -6 -6 -5 -7 -4 -3 -8 -7 -6 13 -1 -7    0   0   0   0   1   0   0   0   0   0   0   0   0   0   0   0   0  99   0   0  4.58 0.81
  147 N   -3 -3  8 -2 -5 -2 -3 -3  5 -6 -6 -3 -5 -5 -4 -1 -3 -6  0 -5    1   0  80   0   0   0   0   0  12   0   0   0   0   0   0   2   0   0   3   0  1.84 0.48
  148 N   -2  1  5 -1 -4  2 -1 -1  0 -3 -3  3  2 -4 -3  1  0 -4 -3 -3    1   7  33   1   0  12   1   3   1   0   2  18   7   0   0   8   4   0   0   1  0.49 0.20
  149 L    0  2 -1 -2  2  0 -1  0  2 -2  1  3 -1 -2 -2 -1 -1 -2 -1 -2    7  16   2   1   6   2   1   6   8   1  17  22   1   1   1   2   2   1   2   2  0.17 0.11
  150 S    0  0  2  1 -2  0  1  0  1 -2 -1  0  1 -2  0  1  0  1 -1 -1    6   5  11  11   1   4   8   6   4   1   4   4   6   2   4  15   3   3   1   3  0.11 0.05
  151 A    0  1  2  0 -2  1  0  0  0 -1 -1  1 -1 -2  0  1  1 -2 -1 -1    5   7  14   2   1   7   6   7   2   3   5   9   1   2   3  14  10   1   1   2  0.12 0.05
  152 V    0 -1  0 -1  2  0  0 -1 -1  0  1 -1  1 -1  0  0  0 -1 -1  0    8   3   4   3   6   4   4   5   1   4  20   3   5   2   5   9   5   1   1   7  0.03 0.02
  153 E   -1  1  1  0  1  1  2 -1 -1 -1 -1  1 -1 -2 -1  1  1 -1 -1 -1    3  10   6   5   4   7  14   4   1   3   4   6   1   1   2   8  14   1   1   3  0.11 0.04
  154 R    0  1  1  1 -1  1  2 -1  1 -1 -1  0 -1 -1  0  0  0 -1  0 -1    6  11   6   6   1   5  16   5   5   3   6   4   1   3   3   6   4   1   3   4  0.08 0.03
  155 A    0  0  2  0 -1  0  0  0  0 -1 -1  0 -1 -1  1  1  1  0 -1 -1    8   3  15   5   1   3   4   8   2   3   5   5   1   2   7   8  12   2   2   4  0.09 0.03
  156 W    0  0  1  0  0  1  0  0  0 -1  0  0  0 -1 -1  0  0  4  0 -1    6   4   9   3   2   8   7   8   1   2  11   5   2   2   3   7   6   7   2   3  0.08 0.03
  157 A    0  0  2  1 -1  0  1  0  0 -1 -1  0 -1 -2  0  2  1 -2 -1 -1    8   3  13   7   1   2   8   5   3   3   4   3   2   2   3  17  10   0   1   4  0.11 0.04
  158 A    0  0  1  0 -1  0  0  1  0 -1 -1  0 -1 -1  1  1  0 -2 -1 -1    8   5   6   2   1   5   6  13   3   3   9   5   1   2   7  14   6   0   1   3  0.08 0.03
  159 N    0  0  3  0 -2  0  0  1  0 -2 -2  0 -1 -2  1  2  1 -2 -2 -1    5   3  21   3   1   2   4   9   1   2   4   4   1   1   5  15  12   0   1   4  0.18 0.07
  160 G    0  0  1  0 -2  0  0  2  0 -1 -1  0 -1 -1 -1  1  1 -2  0 -1    6   4   6   4   1   5   6  17   2   4   5   5   2   2   2  16   7   0   5   3  0.09 0.04
  161 S    0 -1  2  0 -2 -1 -1 -1  0 -1 -1 -1 -1 -1  2  3  1 -3 -2 -1    5   1  12   4   1   1   3   3   2   4   7   1   1   2  11  27  11   0   1   2  0.20 0.10
  162 M   -1  2 -1 -1  5  1  0  1  1 -2 -1  0 -1 -2 -1  0  0 -2 -2 -1    3  13   2   2  19   6   8  11   4   2   5   3   1   1   2   7   6   0   1   5  0.18 0.09
  163 G   -1 -1  4  0 -3  0 -1  1  1 -4 -3 -1 -3 -4  2  3  1 -4 -3 -3    1   1  23   3   0   3   2  12   4   0   1   2   0   0   9  29   6   0   0   1  0.43 0.18
  164 E    0 -1  0  1  3  0  2 -1 -2 -2 -2 -1 -1 -3  1  3  0 -3 -2 -1    6   2   3   8   7   4  13   3   0   1   2   1   2   0   6  34   3   0   1   4  0.27 0.14
  165 P   -1 -2  0  2  4 -2 -1  2  0 -2 -1 -2 -2 -1  1  2  2 -3 -2 -2    1   1   2  12  13   0   2  17   3   1   6   1   0   4   6  17  13   0   1   0  0.24 0.13
  166 V   -1 -1 -2 -2  0  0 -1 -3  0  0  1 -1  2  2 -1 -1  0 -1  3  1    2   2   2   1   2   6   4   1   3   5  14   2   8  11   3   2   7   0  14  10  0.13 0.09
  167 I   -2 -4 -4 -5 -1 -3 -4 -5 -2  4  3 -4  2  0 -3 -3  0 -4 -2  3    0   0   0   0   1   0   0   0   1  34  24   0   6   3   1   0   6   0   0  24  0.61 0.21
  168 K    0  2  0 -1 -2  1  2 -3  0 -1 -2  2 -1 -3  1  0  1 -4 -3  0    7  11   4   1   0   6  17   0   1   4   2  17   1   0   5   6  13   0   0   6  0.22 0.11
  169 C   -4 -7 -6 -7 12 -6 -7 -6 -7 -5 -5 -7 -5 -6 -6 -4 -4 -6 -6 -4    0   0   0   0 100   0   0   0   0   0   0   0   0   0   0   0   0   0   0   0  3.76 0.71
  170 E   -2  2 -2 -2 -4  3  1 -3  3 -2  2  0 -1 -1 -3 -1  0 -3 -1 -2    0  12   1   0   0  21  10   0   9   0  29   6   0   3   0   3   5   0   2   1  0.34 0.19
  171 F   -5 -6 -6 -7 -5 -6 -6 -6 -4 -3 -2 -6 -3  9 -7 -5 -5 -2  3 -4    0   0   0   0   0   0   0   0   0   0   1   0   0  91   0   0   0   0   8   0  2.40 0.54
  172 E   -2  1 -2 -1 -4 -1  5 -4 -2 -1  1 -1 -2 -4  0 -2  2 -4 -3 -2    1   7   0   1   0   0  49   0   0   3  15   2   1   0   4   0  16   0   0   1  0.60 0.27
  173 K    1 -1  3  1 -2 -1  0 -1 -1 -3 -3  1 -3 -4 -2  3  2 -4 -3 -3   15   1  20   6   0   0   3   3   0   0   2  11   0   0   0  24  11   0   0   0  0.37 0.18
  174 V   -3 -5 -6 -6 -4 -5 -5 -6 -6  0 -2 -5 -1 -4 -5 -4 -2 -6 -4  7    0   0   0   0   0   0   0   0   0   1   0   0   0   0   0   0   1   0   0  98  1.80 0.49
  175 I   -3 -5 -5 -6 -3 -4 -5 -6 -5  4  0 -4  7 -3 -5 -4 -3 -5 -3  4    0   0   0   0   0   0   0   0   0  26   1   0  37   0   0   0   0   0   0  36  1.23 0.38
  176 S   -2  4 -1  1 -2 -2 -2 -3 -3 -4 -4  0 -3 -5  3  3  1 -5 -4 -3    0  30   1   7   1   0   0   1   0   0   0   4   0   0  16  28  11   0   0   1  0.62 0.25
  177 M   -4 -4 -5 -6 -5 -4 -4 -6 -5 -1  1 -3 10 -2 -4 -4 -2 -5 -4 -2    0   0   0   0   0   0   0   0   0   2   7   2  86   1   0   0   2   0   0   0  2.31 0.59
  178 E   -3 -2  1  6 -5 -1  3 -2  0 -5 -5 -1 -4 -5 -3  1 -2 -6 -4 -5    0   1   6  51   0   1  20   3   2   0   0   2   0   0   1  13   1   0   0   0  0.99 0.30
  179 Y   -5 -5 -5 -6 -6 -5 -5 -6 -1 -5 -4 -5 -4  1 -6 -5 -5 -1 10 -4    0   0   0   0   0   0   0   0   0   0   0   0   0   3   0   0   0   0  97   0  2.85 0.64
  180 M   -4 -5 -5 -6 -4 -4 -5 -6 -5  1  0 -5 10 -3 -6 -5 -3 -5 -4  1    0   0   0   0   0   0   0   0   0   5   4   0  82   0   0   0   0   0   0   9  2.20 0.56
  181 V   -3 -5 -6 -6 -3 -5 -5 -6 -6  1 -2 -5 -2 -3 -5 -4 -2 -6 -4  7    0   0   0   0   0   0   0   0   0   3   0   0   0   1   0   0   1   0   0  96  1.73 0.48
  182 Y   -5 -5 -3 -6 -6 -5 -5 -6 -1 -4 -4 -5 -4  2 -6 -5 -5 -1 10 -4    0   0   2   0   0   0   0   0   0   0   0   0   0   5   0   0   0   0  93   0  2.69 0.61
  183 F   -5 -6 -6 -6 -1 -6 -6 -6 -4 -3 -1 -6 -3  9 -7 -5 -5 -2  3 -3    0   0   0   0   1   0   0   0   0   0   3   0   0  88   0   0   0   0   7   1  2.24 0.51
  184 N   -2 -3  7 -2  1 -2 -3  0 -2 -5 -5 -3 -4 -4 -4  3 -2 -6 -2 -4    1   0  64   0   3   0   0   6   0   0   0   0   0   0   0  23   1   0   2   1  1.29 0.40
  185 F   -5 -6 -6 -7 -5 -6 -6 -6 -4 -1 -2 -6 -3  9 -7 -5 -5 -2  1 -3    0   0   0   0   0   0   0   0   0   3   1   0   0  94   0   0   0   0   1   1  2.43 0.54
  186 F   -4 -6 -6 -7 -2 -6 -6 -6 -4 -2 -1 -6 -3  9 -7 -4 -5 -2  0 -3    0   0   0   0   1   0   0   0   0   1   3   0   0  93   0   1   0   0   0   1  2.34 0.53
  187 V    2 -4 -2 -3 -3 -3 -3  4 -4  0 -2 -3 -1 -4 -3 -1  3 -4 -4  1   17   0   0   0   0   0   0  40   0   5   3   0   1   0   0   1  20   0   0  13  0.56 0.23
  188 W   -4 -6 -6 -7  9 -6 -6 -3 -6 -5 -3 -6 -4 -1 -6 -5 -5 11 -2 -5    0   0   0   0  41   0   0   2   0   0   2   0   0   2   0   0   0  53   0   0  2.96 0.59
  189 V   -3 -5 -5 -5 -3 -4 -5 -5 -5  4 -1 -4 -1 -3 -5 -3  2 -5 -3  6    0   0   0   0   0   0   0   0   0  26   0   0   0   0   0   0  12   0   0  62  1.10 0.35
  190 L   -3 -4 -6 -6 -3 -3 -5 -6 -5  0  6 -5  1  2 -5 -5 -3 -4 -2  1    0   0   0   0   0   1   0   0   0   0  80   0   1   8   0   0   0   0   0   9  1.14 0.34
  191 P   -2 -4 -4 -4 -3 -3 -4 -3 -4  3  2 -3  0 -1  4 -3  0 -4 -3  3    1   0   0   0   0   0   0   2   0  19  22   0   1   1  25   0   5   0   0  23  0.62 0.22
  192 P   -4 -5 -5 -5 -6 -4 -4 -5 -5 -6 -6 -4 -6 -7  9 -4 -4 -7 -6 -6    0   0   0   0   0   0   0   0   0   0   0   0   0   0 100   0   0   0   0   0  3.13 0.63
  193 L   -4 -5 -6 -6 -4 -5 -5 -6 -5 -1  6 -5  0 -2 -5 -3 -4 -4 -4 -2    0   0   0   0   0   0   0   0   0   0  97   0   1   0   0   2   0   0   0   0  1.55 0.43
  194 L   -2 -4 -5 -5 -3 -4 -5 -5 -5  2  5 -4  0  0 -5 -2 -1 -4 -3  2    2   0   0   0   0   0   0   0   0  11  64   0   0   3   0   2   3   0   0  14  0.80 0.27
  195 L   -2 -5 -5 -5 -3 -4 -5 -5 -5  5  3 -4  0 -1 -5 -4 -2 -4 -3  2    3   0   0   0   0   0   0   0   0  49  31   0   0   2   0   0   1   0   0  13  0.90 0.28
  196 M   -4 -5 -6 -7 -5 -4 -5 -6 -5 -1 -1 -5 11 -3 -6 -5 -4 -5 -4 -2    0   0   0   0   0   0   0   0   0   1   0   0  99   0   0   0   0   0   0   0  2.97 0.69
  197 V   -1 -4 -5 -5  7 -4 -5 -5 -5  1  4 -4  0  0 -5 -3 -1 -4 -3  1    3   0   0   0  30   0   0   0   0   7  46   0   0   3   0   1   3   0   0   6  0.95 0.29
  198 L    3 -4 -3 -4 -2 -3 -3  3 -4  1  0 -3 -1 -2 -3 -1 -1 -4 -3  2   35   0   0   0   0   0   0  22   0   7  11   0   1   0   0   0   2   0   0  21  0.43 0.20
  199 I   -3 -5 -6 -6 -3 -5 -5 -6 -5  6  4 -5  0 -2 -5 -5 -3 -4 -3  1    0   0   0   0   0   0   0   0   0  54  41   0   0   0   0   0   0   0   0   3  1.15 0.34
  200 Y   -5 -5 -5 -7 -3 -5 -5 -6 -1 -5 -4 -5 -4  0 -6 -5 -5 -1 10 -4    0   0   0   0   1   0   0   0   0   0   0   0   0   0   0   0   0   0  99   0  2.95 0.65
  201 L    2 -3 -4 -4  0 -3 -3 -1 -4  3  3 -3  1 -1 -3 -2  1 -2 -2  2   20   0   0   0   2   0   0   3   0  18  29   0   2   2   0   1   8   0   0  14  0.33 0.16
  202 E   -2  2  0  1  0  0  5 -3  0 -4 -3  3 -3 -4 -3 -2 -2 -3 -1 -4    1  10   4   7   3   2  42   1   2   0   3  23   0   0   0   1   0   0   2   0  0.65 0.25
  203 V   -4 -6 -6 -6 -4 -5 -6 -6 -6  7 -1 -5 -1 -3 -5 -5 -3 -5 -4  3    0   0   0   0   0   0   0   0   0  84   1   0   0   0   0   0   0   0   0  15  1.66 0.44
  204 F   -5 -6 -6 -7 -5 -6 -6 -6 -4 -2 -2 -6 -3  9 -7 -5 -5 -2  0 -4    0   0   0   0   0   0   0   0   0   1   1   0   0  99   0   0   0   0   0   0  2.63 0.58
  205 Y   -3  1 -1 -3  3 -3 -3 -5  2 -2  0 -2  5  0 -4 -3  0 -1  6 -2    0   9   4   1   7   0   0   0   4   1   8   1  18   1   0   1   7   0  38   0  0.75 0.29
  206 L    1 -4 -3 -4 -2 -3 -4 -4 -4  4  1 -3  3 -2 -4 -2  0 -4 -3  3   16   0   1   0   0   0   0   0   0  29  13   0   7   0   0   1   4   0   0  29  0.51 0.21
  207 I    3 -4 -5 -5 -3 -4 -4 -4 -5  6 -1 -4  2 -3 -4 -3 -2 -5 -4  0   33   0   0   0   0   0   0   0   0  56   2   0   6   0   0   0   1   0   0   2  0.94 0.33
  208 R   -4  7 -3 -4  4  0 -3 -5  3 -5 -4  0 -4 -4 -5 -3 -4  5 -1 -5    0  67   0   0   9   3   0   0   8   0   0   2   0   0   0   0   0   7   1   0  1.42 0.41
  209 K   -2  4  1 -2 -4  0 -1 -3  2 -1 -3  4 -1 -4 -3 -1  2 -4 -3 -2    1  25   8   1   0   2   0   0   6   4   0  34   2   0   0   1  13   0   0   2  0.57 0.23
  210 Q   -3  0  0 -3 -6  7 -1 -4  1 -5 -5  4 -3 -6 -4 -3 -3 -5 -4 -5    0   2   3   0   0  60   0   0   3   0   0  31   0   0   0   0   0   0   0   0  1.46 0.44
  211 L   -4 -4 -6 -6 -4 -4 -5 -6 -5  0  6 -5  1 -2 -5 -5 -4 -4 -3 -1    0   1   0   0   0   0   0   0   0   1  95   0   2   0   0   0   0   0   0   0  1.50 0.41
  212 N   -2  3  4 -1 -4  1 -1 -2  0 -4 -4  2 -3 -4 -3  3 -1 -5 -3 -4    0  21  26   1   0   6   0   1   2   0   0  14   0   0   0  26   1   0   0   0  0.63 0.25
  213 K   -3  3 -2 -2 -4  6  0 -4  0 -4  0  3 -1 -4 -1 -2 -3 -4 -2 -4    0  16   0   1   0  45   2   0   2   0   9  19   1   0   3   1   0   0   1   0  0.84 0.31
  214 K   -2  2  3 -2  0 -1 -1  1 -1 -1 -2  3  4 -3 -2  0 -1 -3 -3 -2    1  10  15   0   3   1   3  12   1   4   2  22  15   0   1   8   2   0   0   1  0.27 0.15
  215 V    1 -1 -1 -1  0 -1  0 -1 -2  0  0 -1  0  1 -1  0  1  0 -1  2   17   2   2   2   2   2   9   2   0   5   5   3   2   8   2   9   8   1   1  20  0.06 0.06
  216 S    0 -2  0 -2  0 -1  1 -1 -1 -2 -2 -1 -1 -3 -2  4  3 -3 -3 -1    5   1   3   0   2   0   9   4   2   2   2   2   1   0   1  36  24   0   0   4  0.36 0.18
  217 A    2 -1  1 -1 -2  0  1  1 -1 -1 -3  0 -1 -3 -1  2  0 -3 -3  0   27   1   7   1   0   4  10  10   2   3   0   4   1   1   2  17   4   0   0   6  0.21 0.12
  218 S    0 -2  1 -1  1 -2 -2  0  1 -2 -1 -2 -1 -1  1  3  1 -4 -2  0    4   1   8   1   3   0   1   8   4   1   8   1   1   2   6  34  10   0   1   6  0.22 0.15
  219 S    0  2  0 -1  2  0 -1  1  2 -2 -2  1  2 -2  1  1 -1 -3 -1 -2    4  13   2   2   6   3   1  12   8   1   2  10   9   1   7  14   1   0   2   3  0.15 0.10
  220 G    1 -1  1  1 -2 -1  1  3  0 -2 -2  0 -2 -3  2  0  0 -3 -2 -1   10   3   5   9   0   1   9  23   2   2   3   3   1   1   9   7   7   0   1   3  0.20 0.07
  221 D   -1  1  0  4 -3  1  2  0  2 -3 -3  1 -1 -3 -2  0 -1 -3 -2 -3    2   9   3  25   0   5  16   9   8   1   1   7   1   0   1   7   2   0   1   1  0.35 0.13
  222 P    1 -1 -1 -2 -3 -2 -2  2 -1 -3 -4 -1 -2 -4  4  3  2 -4 -3 -3   13   3   2   0   0   0   1  14   1   0   0   2   1   0  18  30  15   0   0   0  0.51 0.20
  223 Q   -2  4  0 -1 -3  2  0  3  2 -5 -4  0 -3 -4 -3  0 -2 -4 -3 -4    0  31   5   2   0  11   6  30   7   0   0   2   0   0   0   6   1   0   0   0  0.61 0.23
  224 K    1  1 -1 -2 -3 -1 -2  0  0 -2 -3  2 -2 -4 -2  2  3 -4 -3  0   13   9   2   0   0   0   0   6   3   2   0  18   1   0   1  19  21   0   0   6  0.29 0.17
  225 Y   -2 -3 -4 -5 -4 -4 -4 -5  0 -1 -1 -4 -2  5 -5 -3  3 -1  6  1    1   1   0   0   0   0   0   0   2   2   3   0   0  30   0   0  20   0  30  10  0.89 0.30
  226 Y   -4 -4 -5 -6  3 -4 -5 -6 -2 -2  3 -5 -1  2 -5 -4 -4 -1  8 -3    0   0   0   0   6   0   0   0   0   0  32   0   0   7   0   0   0   0  54   0  1.38 0.39
  227 G   -2  2 -2 -1 -5  5 -1  5  0 -5 -4 -1 -3 -5 -3 -1 -3 -1 -4 -4    0  11   1   3   0  33   1  44   2   0   1   2   0   0   1   2   0   1   0   1  0.90 0.31
  228 K   -3  4 -3 -3 -6  2 -2 -4 -1 -5 -5  6 -4 -6 -4 -3 -3 -4 -4 -5    0  23   0   0   0   9   0   0   1   0   0  67   0   0   0   0   0   0   0   0  1.38 0.40
  229 E   -3 -3 -3 -1 -7  0  8 -5 -3 -6 -6 -2 -5 -6 -4 -3 -4 -6 -5 -5    1   0   0   1   0   1  97   0   0   0   0   0   0   0   0   0   0   0   0   0  2.07 0.54
  230 L   -3 -1 -4 -5 -2 -3 -4 -5 -1  2  3 -3  0  4 -4 -4 -3 -2  3  2    0   3   0   0   1   1   0   0   1  12  26   0   1  24   0   0   0   0  10  20  0.55 0.20
  231 K   -3  3  0 -3 -5  1 -1 -4  6 -5 -5  6 -4 -5 -4 -1 -3 -5 -3 -5    0  12   4   0   0   4   2   0  22   0   0  52   0   0   0   3   0   0   0   0  1.07 0.34
  232 I    3 -3 -3 -4 -2 -3 -3 -3 -4  2  2 -2  2 -3 -3 -1  3 -4 -3 -1   34   0   0   0   0   0   0   0   0  11  22   1   5   0   0   0  26   0   0   1  0.50 0.24
  233 A    7 -4 -4 -5 -3 -4 -4 -2 -4 -4 -4 -3 -4 -5 -4 -1 -3 -5 -5 -2   99   0   0   0   0   0   0   0   0   0   0   0   0   0   0   0   0   0   0   1  1.72 0.50
  234 K   -3  1 -3 -3 -6  0 -2 -4 -3 -5 -5  8 -3 -6 -4 -1 -3 -6 -5 -5    0   4   0   0   0   1   0   0   0   0   0  91   1   0   0   3   1   0   0   0  1.76 0.49
  235 S   -2 -4 -2 -3 -3 -3 -3 -3 -2 -5 -5 -3 -4 -4 -3  7 -1 -5  2 -4    0   0   0   0   0   0   0   0   1   0   0   0   0   0   0  90   0   0   8   0  1.54 0.50
  236 L   -4 -5 -6 -6 -4 -5 -6 -6 -5 -1  6 -5  1 -2 -6 -5 -4 -4 -4 -2    0   0   0   0   0   0   0   0   0   0  98   0   1   0   0   0   0   0   0   0  1.62 0.44
  237 A    6 -4 -4 -3 -3 -3 -3 -2 -4 -3 -3 -3 -3  2 -2  1 -1 -4 -3 -1   76   0   0   1   0   0   0   0   0   0   0   0   0   8   1   9   1   0   0   3  1.03 0.36
  238 L   -3 -4 -5 -6 -3 -4 -5 -6 -5  4  5 -5  2  0 -5 -4 -3 -4 -3  0    0   0   0   0   0   0   0   0   0  25  67   0   5   2   0   0   0   0   0   1  1.08 0.32
  239 I   -3 -5 -5 -6 -3 -5 -5 -6 -6  6 -1 -5 -1 -3 -5 -4 -3 -5 -4  5    0   0   0   0   0   0   0   0   0  45   1   0   0   0   0   0   0   0   0  54  1.31 0.37
  240 L   -3 -4 -5 -6 -3 -4 -5 -6 -5  0  5 -5  1 -1 -5 -4 -3 -4 -3  4    0   0   0   0   0   0   0   0   0   0  59   0   2   1   0   0   0   0   0  37  1.03 0.33
  241 F   -2 -5 -4 -5 -4 -4 -5  4 -4 -2  0 -4 -2  7 -5 -3 -3 -2  0  0    1   0   0   0   0   0   0  33   0   0   8   0   0  50   0   1   1   0   0   6  1.05 0.32
  242 L   -4 -5 -6 -6 -4 -5 -5 -6 -5  1  6 -5  0  0 -5 -5 -4 -2 -3 -1    0   0   0   0   0   0   0   0   0   7  90   0   1   2   0   0   0   0   0   0  1.39 0.39
  243 F   -5 -6 -6 -7 -6 -6 -6 -6 -4 -3 -3 -6 -3  9 -7 -6 -5 -2  0 -4    0   0   0   0   0   0   0   0   0   0   0   0   0  99   0   0   0   0   0   0  2.65 0.59
  244 A    7 -4 -4 -4 -3 -3 -4 -2 -4 -1 -3 -3 -3 -5 -3 -1 -2 -5 -4 -1   93   0   0   0   0   0   0   0   0   3   1   0   0   0   0   0   1   0   0   2  1.49 0.45
  245 L   -2 -4 -5 -5 -3 -4 -5 -5 -5  3  4 -4  1  1 -4 -4 -2 -4 -2  4    1   0   0   0   0   0   0   0   0  19  40   0   2   7   0   0   0   0   0  31  0.73 0.24
  246 S   -2 -5 -4 -5 10 -4 -4 -4 -5 -4 -5 -4 -4 -4 -5  5 -2 -5 -5 -4    0   0   0   0  57   0   0   0   0   0   0   0   0   1   0  42   0   0   0   0  2.05 0.51
  247 W   -6 -7 -8 -8 -6 -6 -7 -6 -6 -6 -5 -7 -5 -3 -8 -7 -6 13 -1 -7    0   0   0   0   0   0   0   0   0   0   0   0   0   0   0   0   0 100   0   0  4.68 0.82
  248 L   -4 -5 -6 -6 -4 -5 -5 -6 -5  0  6 -5  1 -2 -5 -5 -4 -4 -4 -1    0   0   0   0   0   0   0   0   0   1  96   0   2   0   0   0   0   0   0   0  1.56 0.43
  249 P   -4 -5 -5 -5 -6 -4 -4 -5 -5 -6 -6 -4 -6 -7  9 -4 -3 -7 -6 -6    0   0   0   0   0   0   0   0   0   0   0   0   0   0  99   0   1   0   0   0  3.08 0.62
  250 L   -3 -4 -6 -6 -3 -4 -5 -6 -5  1  6 -5  1 -2 -5 -5 -3 -4 -3  2    1   0   0   0   0   0   0   0   0   6  80   0   1   0   0   0   0   0   0  12  1.17 0.34
  251 H   -2 -3 -2 -3  5 -3 -3  0  9 -5 -5 -3 -4 -3 -3  1 -3 -5 -1 -5    2   0   0   1  13   0   0   8  61   0   0   0   0   0   1  13   0   0   0   0  1.66 0.45
  252 I   -1 -5 -5 -5 -3 -5 -5 -6 -5  7 -1 -5 -1 -1 -5 -4 -1 -5 -4  2    6   0   0   0   0   0   0   0   0  79   1   0   0   2   0   0   3   0   0  10  1.34 0.39
  253 L   -3 -4 -5 -5 -1 -4 -5 -6 -3  5  4 -4  5 -1 -5 -4 -2 -4 -3  1    0   0   0   0   1   0   0   0   0  41  36   0  15   1   0   0   1   0   0   5  0.91 0.29
  254 N   -5 -3  9 -2 -6 -3 -3 -3 -1 -6 -7 -3 -5 -6 -5 -2 -3 -7 -5 -6    0   0  99   0   0   0   0   0   1   0   0   0   0   0   0   1   0   0   0   0  2.45 0.59
  255 C   -3 -7 -6 -7 11 -6 -7 -5 -6 -4 -4 -6 -5 -2 -6 -1 -3 -5 -3 -4    0   0   0   0  91   0   0   0   0   0   1   0   0   2   0   4   1   0   1   0  3.16 0.63
  256 I   -2 -5 -5 -5 -3 -4 -5 -5 -4  5  1 -4 -1  4 -5 -4 -2 -3 -1  4    3   0   0   0   0   0   0   0   0  42   7   0   0  18   0   0   1   0   1  27  0.81 0.27
  257 T    0 -3  1 -1 -1 -1 -2 -2 -2 -1  0 -2 -2 -1 -3  2  5 -4 -2 -1    4   0   7   2   1   2   0   1   0   3   9   1   0   3   0  20  44   0   1   2  0.49 0.24
  258 L   -4 -4 -4 -5 -4 -4 -4 -5  3 -2  4 -4 -1  4 -5 -4 -4 -1  6 -2    0   0   0   0   0   0   0   0   7   0  40   0   0  16   0   0   0   0  35   0  1.07 0.33
  259 F   -5 -6 -6 -6 -5 -6 -6 -6 -4 -3 -1 -6 -2  9 -6 -5 -5 -2  2 -4    0   0   0   0   0   0   0   0   0   0   4   0   0  92   0   0   0   0   4   0  2.34 0.52
  260 C   -2 -3 -1 -3  9  0 -3 -1  2 -3 -3 -3 -3 -2 -4 -1 -2 -3  4 -3    1   1   3   1  51   6   1   4   6   1   1   1   0   1   0   3   2   0  15   1  1.29 0.33
  261 P   -2 -2  0 -2 -4  0 -1 -1 -1 -4 -3  0 -3 -4  7  0 -2 -4 -4 -3    1   2   4   1   0   5   2   4   1   1   2   4   0   1  63   5   1   0   0   1  1.37 0.31
  262 S    0 -1  2  2 -3  1  1  0 -1 -4 -3  1 -3 -4  0  2  1 -4 -3 -3    8   2   9  12   0   4  11   8   0   0   1  11   0   0   4  23   7   0   0   0  0.30 0.13
  263 C   -2 -2 -4 -5  9 -1 -3 -1 -2 -2  0 -2 -2 -2 -4  0 -2  2  0  0    1   3   0   0  51   3   1   5   1   1  10   2   0   1   0   6   1   2   4   8  1.14 0.33
  264 H    0  0  1  1 -3  2  2 -2  3 -3 -3  2 -3 -3 -1  0  0 -1 -1 -2    9   2   8   9   0  11  16   1  11   0   0  16   0   1   2   4   6   1   1   1  0.30 0.14
  265 K    0  2 -1 -2 -3 -1 -1 -4 -2  3 -1  3  0 -3 -2 -2  1 -4 -3  2    7  12   2   1   0   0   2   0   1  27   1  24   2   0   1   1   8   0   0  13  0.31 0.18
  266 P   -3 -5 -2 -4 -5 -4 -4 -5  0 -5 -3 -3 -5 -6  8 -1 -2 -6 -5 -5    0   0   1   0   0   0   0   0   2   0   4   0   0   0  84   5   2   0   0   0  2.33 0.52
  267 S   -2  0 -1  0 -4  4  1 -2  2 -2 -2  3  0 -4  3  0 -1 -4 -3 -2    1   4   2   5   0  22   8   1   5   2   4  19   3   0  16   5   3   0   0   1  0.41 0.18
  268 I   -1 -4 -3 -2 -2 -1 -2 -3 -1  1 -1 -3 -1  1  3 -1 -1  8  2  0    3   0   1   2   1   2   1   2   2  11   5   0   1   7  14   5   2  25   8   9  0.65 0.22
  269 L    2 -4 -4 -5 -3 -4 -4 -4 -4  2  3 -4  0  0 -4 -3 -1  1 -2  3   18   0   0   0   0   0   0   0   0   7  40   0   1   4   0   0   3   2   0  26  0.53 0.22
  270 T   -3 -3 -5 -5 -4 -3 -4 -5 -4  3  2 -4  8  0 -5 -3  0 -1 -3  1    0   0   0   0   0   0   0   0   0  15  16   0  48   4   0   0   7   1   0   8  1.05 0.35
  271 Y   -4 -4  3 -4 -1 -4 -4 -5  0 -4 -3 -4 -4  2 -4 -3 -4 -1  9 -4    0   0  14   1   2   0   0   0   1   0   2   1   0   5   1   1   0   0  73   0  1.87 0.50
  272 I   -2 -4 -5 -5 -1 -4 -4 -5 -5  4  4 -4  3 -1 -4 -3  0 -4 -3  3    1   0   0   0   1   0   0   0   0  23  40   0   6   2   0   0   4   0   0  22  0.67 0.23
  273 A    5 -4 -3 -3 -2 -3 -3  4 -4 -4 -4 -3 -4 -2 -3  0 -1 -5 -4 -3   52   0   0   0   1   0   0  36   0   0   0   0   0   2   0   6   3   0   0   0  0.95 0.33
  274 I   -4 -6 -6 -6 -4 -6 -6 -7 -6  8 -1 -6 -2 -3 -6 -5 -4 -6 -4  0    0   0   0   0   0   0   0   0   0  99   0   0   0   0   0   0   0   0   0   0  2.12 0.54
  275 F   -3 -4 -5 -5 -1 -4 -5 -5 -5  4  4 -4  1  3 -5 -4 -3 -3 -2  1    0   0   0   0   1   0   0   0   0  23  54   0   1  14   0   0   0   0   0   6  0.85 0.26
  276 L   -4 -5 -6 -6 -4 -4 -5 -6 -5 -1  6 -5  4 -1 -5 -5 -4 -4 -3 -1    0   0   0   0   0   0   0   0   0   0  89   0  10   1   0   0   0   0   0   0  1.44 0.40
  277 T   -2 -3 -2 -3 -4 -3 -3 -3 -4 -5 -5 -3 -4 -4 -4  7  2 -5 -4 -4    0   0   0   0   0   0   0   0   0   0   0   0   0   0   0  86  14   0   0   0  1.51 0.47
  278 H   -5 -4 -3 -4 -7 -3 -3 -6 11 -7 -6 -4 -5 -5 -6 -4 -5 -6 -1 -7    0   0   0   0   0   0   0   0 100   0   0   0   0   0   0   0   0   0   0   0  3.38 0.68
  279 G    5 -4 -3 -4 -2 -3 -3  2 -4 -2 -3 -3 -3 -4 -3  1  0 -3 -4  0   60   0   0   0   0   0   0  18   0   1   1   0   0   0   0   7   4   0   0   8  0.75 0.28
  280 N   -5 -3  9 -2 -6 -3 -3 -3 -1 -6 -7 -3 -5 -6 -5 -2 -2 -7 -5 -6    0   0  97   0   0   0   0   0   1   0   0   0   0   0   0   0   1   0   0   0  2.39 0.56
  281 S   -2 -4 -2 -3 -4 -3 -3 -3 -4 -5 -4 -3 -4 -5 -4  7 -1 -6 -5 -5    0   0   0   0   0   0   0   0   0   0   1   0   0   0   0  99   0   0   0   0  1.82 0.53
  282 A    5 -4 -4 -5 -3 -3 -4 -3 -4 -1 -2 -3  3 -4 -4 -2 -2 -5 -4  4   58   0   0   0   0   0   0   0   0   0   0   0  10   0   0   0   0   0   0  32  0.95 0.35
  283 M   -3 -4 -5 -6 -3 -4 -5 -4 -5  1  1 -4  8 -3 -5 -4 -3 -4 -3  5    0   0   0   0   0   0   0   1   0   5   7   0  42   0   0   0   0   0   0  45  1.26 0.39
  284 N   -5 -3  9 -2 -6 -3 -3 -3 -2 -6 -7 -2 -5 -6 -5 -2 -3 -7 -5 -6    0   0  99   0   0   0   0   0   0   0   0   1   0   0   0   0   0   0   0   0  2.46 0.58
  285 P   -4 -5 -5 -5 -6 -4 -4 -5 -5 -6 -6 -4 -6 -7  9 -4 -4 -7 -6 -6    0   0   0   0   0   0   0   0   0   0   0   0   0   0 100   0   0   0   0   0  3.13 0.61
  286 I   -3 -5 -5 -5 -3 -5 -5 -6 -5  6  1 -5  2  3 -5 -4 -3 -4 -2  2    1   0   0   0   0   0   0   0   0  61   7   0   4  15   0   0   0   0   0  11  1.05 0.31
  287 V   -3 -5 -5 -6 -3 -5 -5 -6 -6  5 -1 -5 -1 -3 -5 -4 -3 -5 -4  6    0   0   0   0   0   0   0   0   0  39   1   0   0   0   0   0   0   0   0  61  1.33 0.37
  288 Y   -5 -5 -5 -7 -6 -5 -5 -6 -1 -5 -4 -5 -4  0 -6 -5 -5 -1 10 -4    0   0   0   0   0   0   0   0   0   0   0   0   0   0   0   0   0   0 100   0  2.99 0.64
  289 A    7 -4 -4 -5 -3 -4 -4 -2 -4 -4 -4 -3 -4 -5 -4 -1 -2 -5 -5 -3   99   0   0   0   0   0   0   0   0   0   0   0   0   0   0   0   1   0   0   0  1.72 0.49
  290 F   -4 -5 -5 -6  6 -5 -5 -6 -2 -3 -2 -5 -3  7 -6 -3 -4 -1  7 -3    0   0   0   0  16   0   0   0   0   0   2   0   0  43   0   1   0   0  39   0  1.67 0.42
  291 R   -4  7 -3 -4 -6  0 -2 -5 -3 -5 -5  5 -4 -6 -4 -3 -3 -5 -4 -5    0  60   0   0   0   1   0   0   0   0   0  38   0   0   0   0   0   0   0   0  1.58 0.42
  292 I   -4 -5  0 -5 -4 -5 -6 -6 -5  8 -1 -5  1 -3 -5 -5 -3 -5 -4  0    0   0   7   0   0   0   0   0   0  90   1   0   3   0   0   0   0   0   0   0  1.67 0.45
  293 Q   -3  5 -1 -3 -5  4  0 -4 -1 -5 -5  5 -3 -5 -2 -2 -3 -5 -4 -5    0  32   2   0   0  22   2   0   1   0   0  40   0   0   1   0   0   0   0   0  1.08 0.33
  294 K   -3  2 -2  3 -5  0  3 -4 -1 -5 -5  6 -4 -5 -3 -2 -2 -5 -4 -4    0   8   0  15   0   1  19   0   1   0   0  55   0   0   0   0   1   0   0   0  1.00 0.32
  295 F   -5 -6 -6 -7 -5 -6 -6 -6 -4 -1 -2 -6 -3  9 -7 -5 -5 -2  0 -3    0   0   0   0   0   0   0   0   0   3   1   0   0  96   0   0   0   0   0   0  2.47 0.54
  296 R   -4  7 -3 -4 -6  1 -2 -4  0 -5 -5  5 -4 -5 -4 -3 -3 -5 -4 -5    0  63   0   0   0   4   0   0   2   0   0  32   0   0   0   0   0   0   0   0  1.50 0.40
  297 V   -1 -1  1  1  0  2  3 -2  2 -2 -2  0 -2 -2 -3 -1  1 -3  2 -1    3   0   8   5   3   9  24   1   6   2   4   4   0   0   0   2  13   0   9   6  0.24 0.14
  298 T    2 -4 -3 -4 -3 -3 -3 -4 -4 -3 -4 -3 -3 -5 -4  0  7 -5 -4 -2   16   0   0   0   0   0   0   0   0   0   0   0   0   0   0   2  81   0   0   0  1.48 0.45
  299 F   -4 -5 -5 -6  1 -5 -5 -6 -2 -3  0 -5 -1  7 -6 -5 -4 -1  7 -3    0   0   0   0   3   0   0   0   0   0   8   0   1  54   0   0   0   0  35   0  1.65 0.41
  300 L   -2  4 -3 -4 -3 -1 -2 -4  3  2  2 -1 -1  0 -4 -2  0 -1 -2  0    3  28   0   0   0   2   0   0   9  12  28   1   0   4   0   0   8   1   0   4  0.34 0.18
  301 K   -3  2 -2 -3 -4  3 -1 -4  1 -3  1  4 -1  2 -3 -2 -2 -3 -2 -2    0  11   1   0   0  14   1   0   3   0  18  38   0  11   0   1   0   0   0   1  0.51 0.23
  302 I   -4 -6 -6 -6 -4 -6 -6 -7 -6  8 -1 -6 -1 -2 -6 -5 -3 -5 -4  1    0   0   0   0   0   0   0   0   0  96   1   0   0   0   0   0   0   0   0   3  1.93 0.48
  303 W   -3 -5 -5 -6 -2 -4 -5 -5 -5  4  4 -5 -1  1 -5 -4 -2  8 -1  0    1   0   0   0   0   0   0   0   0  26  41   0   0   6   0   0   3  21   0   2  1.02 0.29
  304 N   -1  5  2 -2 -4  1 -1 -3  1 -4 -4  3 -3 -4 -3  1 -1 -1 -1 -4    3  42   9   0   0   5   1   1   4   0   0  18   0   0   0  14   2   1   3   0  0.69 0.25
  305 D   -1  4  0  0 -4  3 -1 -3  0 -3 -3  1 -2 -4 -2  1  3 -4 -1 -3    4  23   2   4   0  19   0   1   2   0   1   8   1   0   1   7  25   0   2   0  0.47 0.21
  306 H   -4 -3 -3 -4  6 -3 -4 -4  7 -2 -3 -4 -3  1 -5 -3 -4  0  7 -4    0   1   1   0  16   1   0   1  28   2   1   0   0   3   0   1   0   1  43   0  1.47 0.39
  307 F   -3 -2 -5 -5 -3 -4 -4 -5 -4  5  1 -3  3  4 -5 -4 -2 -3 -1  3    0   3   0   0   0   0   0   0   0  36   6   1   9  21   0   0   2   0   0  23  0.71 0.24
  308 R   -3 -1 -3 -5  3 -4 -4 -5 -3  1  5 -4  1  0 -4 -3 -2 -3 -2  1    1   4   1   0   7   0   0   0   1   4  66   0   3   3   0   1   1   0   1   8  0.76 0.26
  309 C   -3  1 -5 -6 10 -2 -5  1 -5 -4 -2 -4 -3 -2 -3 -3 -4 -5 -5 -4    0   9   0   0  70   2   0  10   0   0   5   0   0   2   1   1   0   0   0   0  2.02 0.46
  310 Q   -3  4 -2 -2 -4  5 -1 -3  1 -5 -4  4  0 -5 -3 -2 -2 -2 -3 -4    0  25   1   1   0  33   0   1   3   0   0  30   3   0   0   1   1   1   0   1  0.93 0.31
  311 P    0  2  0  0 -3  0  0 -1  0 -2 -2  3 -2 -3  3  0  1 -4 -3 -3    6  15   4   6   0   3   3   3   3   2   2  23   0   1  13   7  10   0   0   0  0.30 0.13
  312 A    0 -1  0  3 -3  0  2 -2 -1 -3 -3  0 -1 -4  2  2  1 -4 -3 -3    6   1   3  21   0   3  17   1   1   0   1   3   1   0  11  20   9   0   0   1  0.40 0.16
  313 P   -1 -1  1  3 -4  0  3 -2 -1 -2 -3  0 -2 -4  4  0 -2 -5 -3 -1    2   2   7  18   0   2  26   1   1   2   1   5   1   0  20   5   0   0   0   6  0.49 0.17
  314 P    0 -1 -1 -2 -1  0 -1 -1 -1 -1  1  0 -1 -1  4  1 -1 -3 -2  0    9   2   2   0   1   5   1   4   2   1  15   4   0   3  26  17   2   0   1   6  0.33 0.13
  315 I    0  0 -2 -2 -2 -1 -1 -2 -2  1  2 -1  0  0  0  0  1 -2  1  1    7   5   1   1   0   2   2   2   0   5  24   3   2   4   4   6   9   0   6  16  0.08 0.06
  316 D   -1 -1  0  2 -2  0  0  0  0  0  1  0 -1 -2  0  1  0 -2 -2  0    4   2   3  19   1   2   4   6   2   8  16   6   0   1   3  10   8   0   0   4  0.08 0.06
  317 E   -1  0  1  0 -1 -1  2  0 -2 -3 -3 -1 -2 -2  3  3  1 -4 -2 -3    2   4   6   3   1   1  14   5   0   1   1   1   0   2  17  30  10   0   1   0  0.39 0.16
  318 D   -1 -1  2  1 -3  3  0  1  1 -4 -4 -1 -3 -4 -1  3  0 -3 -3 -3    2   3   8   8   0  16   4  12   3   0   0   2   0   0   2  36   4   0   0   0  0.41 0.18
  319 L    1  0  2 -2 -1  1 -1 -1 -2  0 -1 -1  1 -3  0  1  2 -4 -3  0   11   7  13   0   1  10   0   4   0   7   6   0   5   0   5   7  18   0   0   5  0.14 0.10
  320 P    0 -2 -1 -1 -3  0  3  2 -2 -4 -3 -1  0 -4  2  2  2 -4 -3 -3    6   0   0   1   0   3  23  18   0   0   0   0   3   0   9  21  16   0   0   0  0.41 0.18
  321 E   -1  0  1  1 -3  3  2 -1  3 -4 -3  0 -3 -4 -3  2  1 -4 -3 -3    2   4   5   8   0  20  13   4   8   0   1   4   0   0   0  24   7   0   0   0  0.39 0.16
  322 E   -1  3  1  1 -1  2  1 -3 -1 -2 -3  0 -2 -3 -1  1  3 -4 -3 -2    4  20   6   7   2  10   9   0   1   2   0   1   0   0   1  11  24   0   0   0  0.34 0.15
  323 R   -1  4  1 -2 -1  3  0 -1 -1 -2 -3  1 -2 -4 -2  2  1 -4 -2 -3    2  29   5   0   1  18   3   3   0   3   1   5   0   0   1  17  10   0   1   0  0.41 0.16
  324 P    0 -2  2  0 -3 -1  0 -2  3 -2 -3 -1 -3 -4  4  2  2 -4 -3 -2    4   0  12   3   0   0   7   1   9   1   1   1   0   0  21  21  17   0   0   2  0.46 0.14
  325 D   -1  3  2  3  0  2  1 -2  0 -4 -4  1 -3 -4 -2  1 -1 -4 -3 -3    1  24   8  23   2  13   4   1   2   0   0   5   0   0   1  16   1   0   0   0  0.44 0.13
  326 D   -3 -2  3  6 -4  1  1 -2 -2 -4 -5 -1 -4 -5 -3  0 -2 -5 -4 -4    0   0  18  68   0   9   2   0   0   0   0   0   0   0   0   4   0   0   0   0  1.05 0.17

                      K         Lambda
Standard Ungapped    0.1422     0.3294
Standard Gapped      0.0585     0.2670
PSI Ungapped         0.1912     0.3182
PSI Gapped           0.0585     0.2670
