#	AA	SS	ASA	Phi	Psi	Theta(i-1=>i+1)	Tau(i-2=>i+1)	P(C)	P(E)	P(H)
1	M	C	151.4	 -75.4	 -38.7	 101.1	  56.1	0.822	0.007	0.154
2	A	C	 81.7	 -67.5	 -41.8	  98.2	  46.0	0.601	0.003	0.373
3	A	H	 75.1	 -68.2	 -39.7	  95.5	  51.4	0.339	0.004	0.641
4	A	H	 61.9	 -68.8	 -41.9	  96.0	  47.8	0.273	0.027	0.678
5	L	H	 77.6	 -68.6	 -41.5	  95.4	  48.0	0.146	0.043	0.784
6	L	H	 88.6	 -69.1	 -39.1	  95.4	  51.9	0.221	0.057	0.673
7	A	H	 63.6	 -68.2	 -41.1	  96.4	  51.0	0.264	0.016	0.697
8	R	H	157.1	 -69.9	 -34.9	  94.3	  52.5	0.237	0.020	0.746
9	A	C	 60.1	 -70.3	 -27.3	  95.0	  55.7	0.549	0.004	0.453
10	S	C	 61.2	 -88.6	 -11.3	  97.3	  50.8	0.629	0.014	0.364
11	G	C	 34.2	  68.5	-169.0	 121.2	 170.0	0.695	0.007	0.310
12	P	H	 92.2	 -60.7	 -33.9	  97.0	 -39.3	0.249	0.003	0.746
13	A	H	 52.6	 -68.1	 -37.3	  95.3	  53.4	0.333	0.043	0.598
14	R	H	 98.7	 -68.8	 -35.6	  95.7	  57.0	0.329	0.033	0.647
15	R	H	158.2	 -69.1	 -26.1	  94.0	  55.8	0.297	0.015	0.691
16	A	C	 51.7	 -74.5	 -25.7	  98.2	  59.6	0.654	0.013	0.321
17	L	C	 42.3	 -86.0	 112.7	 108.5	  82.6	0.559	0.065	0.373
18	C	C	 26.2	 -83.9	 159.8	 115.1	 169.9	0.892	0.019	0.104
19	P	H	 73.7	 -57.1	 -39.1	  95.9	-110.8	0.081	0.003	0.911
20	R	H	128.9	 -66.8	 -39.2	  94.2	  53.8	0.040	0.008	0.952
21	A	H	 18.6	 -66.6	 -36.8	  94.1	  52.5	0.120	0.038	0.839
22	W	H	 59.5	 -70.8	 -31.9	  94.5	  54.4	0.137	0.020	0.850
23	R	H	118.4	 -72.7	 -24.3	  95.7	  66.0	0.234	0.042	0.719
24	Q	H	 80.1	 -84.5	 -12.1	 101.1	  59.2	0.429	0.088	0.482
25	L	C	 38.9	 -82.3	  10.2	 105.3	  89.1	0.580	0.169	0.290
26	H	C	 68.3	 -92.1	  27.8	 107.8	 113.9	0.394	0.350	0.251
27	T	C	 51.3	-103.2	 116.2	 114.2	 108.1	0.374	0.319	0.278
28	I	E	 43.8	 -91.4	  -8.2	 106.4	 163.2	0.210	0.567	0.205
29	Y	E	 79.0	 -96.6	  82.5	 110.1	 139.8	0.270	0.580	0.137
30	Q	C	 71.6	 -97.7	  71.6	 110.1	 164.8	0.399	0.298	0.296
31	S	C	 54.9	 -90.2	  35.1	 105.4	 157.2	0.599	0.234	0.199
32	V	C	 40.5	-109.7	 136.9	 120.1	 137.4	0.758	0.191	0.067
33	E	C	141.6	 -97.3	 127.9	 115.3	-142.4	0.864	0.114	0.029
34	L	C	 27.7	 -84.2	 145.2	 119.8	-139.8	0.924	0.055	0.030
35	P	C	 61.1	 -62.1	 147.3	 114.6	 -97.2	0.936	0.013	0.057
36	E	H	128.6	 -58.7	 -38.7	  92.4	-103.9	0.083	0.003	0.913
37	T	H	 61.3	 -64.4	 -40.7	  91.9	  52.6	0.047	0.003	0.949
38	H	H	 38.2	 -65.7	 -38.9	  91.6	  50.0	0.011	0.001	0.988
39	Q	H	 96.5	 -62.1	 -41.2	  91.4	  51.5	0.003	0.001	0.997
40	M	H	 69.4	 -63.5	 -43.3	  91.9	  49.9	0.004	0.000	0.995
41	L	H	 17.2	 -63.2	 -42.7	  91.8	  48.6	0.002	0.001	0.997
42	L	H	 33.4	 -60.5	 -43.1	  90.8	  50.4	0.004	0.004	0.994
43	Q	H	 91.5	 -63.7	 -40.9	  91.6	  51.0	0.008	0.001	0.993
44	T	H	 31.1	 -66.9	 -43.6	  93.3	  47.4	0.064	0.003	0.933
45	C	H	  6.0	 -66.5	 -40.0	  93.2	  46.9	0.097	0.004	0.906
46	R	H	 86.2	 -61.4	 -42.5	  91.7	  53.2	0.080	0.006	0.921
47	D	H	 69.4	 -62.7	 -41.1	  91.0	  50.2	0.021	0.002	0.977
48	F	H	 29.0	 -63.8	 -42.8	  91.3	  51.2	0.017	0.002	0.981
49	A	H	  4.7	 -64.8	 -39.1	  93.0	  51.5	0.112	0.006	0.880
50	E	H	105.2	 -66.4	 -33.6	  92.4	  52.1	0.117	0.002	0.878
51	K	C	135.3	 -91.2	 -21.0	 100.1	  38.3	0.529	0.006	0.452
52	E	C	 67.4	 -95.6	 -30.8	 103.6	  22.9	0.771	0.010	0.195
53	L	C	 34.4	 -85.5	 -22.3	 102.8	  55.9	0.649	0.051	0.290
54	F	H	 93.0	 -69.7	 -45.7	 101.9	  80.7	0.260	0.011	0.722
55	P	H	 61.4	 -64.2	 -27.7	  99.2	  50.8	0.352	0.099	0.555
56	I	H	 40.2	 -82.3	 -30.8	  99.5	  45.7	0.349	0.070	0.578
57	A	H	  8.7	 -64.8	 -33.6	  99.9	  79.7	0.362	0.029	0.593
58	A	H	 47.0	 -68.0	 -28.6	  96.0	  62.4	0.260	0.083	0.647
59	Q	H	113.0	 -74.7	 -25.5	  98.5	  60.5	0.408	0.093	0.498
60	V	C	 38.5	 -92.5	 -26.1	 105.6	  47.2	0.472	0.106	0.401
61	D	C	 41.1	 -98.1	 111.8	 110.6	  46.3	0.763	0.073	0.167
62	K	H	128.2	 -64.7	 -31.0	  92.8	-151.4	0.317	0.010	0.664
63	E	C	127.0	 -72.6	 -21.8	  93.8	  60.9	0.697	0.014	0.287
64	H	H	 77.1	 -82.2	  12.4	  97.9	  51.0	0.486	0.015	0.503
65	L	C	 62.1	 -88.5	  80.6	 109.3	 118.5	0.859	0.047	0.091
66	F	C	 32.3	 -99.2	 140.3	 120.8	 170.4	0.971	0.014	0.012
67	P	C	 57.8	 -64.5	 144.4	 111.2	-103.8	0.994	0.004	0.005
68	A	H	 44.3	 -55.3	 -41.9	  92.0	-117.2	0.020	0.001	0.979
69	A	H	 71.8	 -62.7	 -36.3	  90.4	  54.8	0.008	0.001	0.991
70	Q	H	 36.8	 -68.1	 -39.8	  92.6	  48.9	0.011	0.002	0.987
71	V	H	  5.8	 -59.9	 -44.1	  91.1	  54.8	0.005	0.003	0.993
72	K	H	120.9	 -61.8	 -43.1	  91.8	  51.8	0.033	0.003	0.964
73	K	H	104.5	 -65.4	 -41.2	  92.4	  49.5	0.026	0.005	0.968
74	M	H	  7.2	 -67.3	 -37.2	  92.5	  48.7	0.078	0.009	0.918
75	G	H	 16.3	 -62.2	 -38.6	  92.8	  53.7	0.224	0.013	0.768
76	G	H	 52.0	 -63.7	 -23.2	  92.9	  57.3	0.208	0.008	0.783
77	L	C	 48.5	 -90.2	  -3.7	  91.7	  55.0	0.969	0.002	0.025
78	G	C	 31.9	  82.2	  15.4	  94.0	-104.6	0.962	0.009	0.032
79	L	C	 17.2	 -87.1	  95.8	 107.9	 133.5	0.900	0.082	0.030
80	L	C	 37.6	 -96.3	 109.5	 111.3	 147.1	0.737	0.135	0.168
81	A	E	 23.1	-100.7	 142.6	 119.9	-148.6	0.371	0.512	0.132
82	M	C	 28.4	-113.6	 131.4	 120.6	-168.4	0.476	0.473	0.025
83	D	E	 72.0	 -85.1	 121.9	 112.6	-131.1	0.311	0.634	0.013
84	V	C	 12.2	-105.6	 139.5	 121.9	-169.6	0.911	0.070	0.014
85	P	C	 35.4	 -58.6	 148.3	 112.7	-103.4	0.735	0.059	0.209
86	E	H	136.9	 -60.2	 -38.4	  90.9	-117.6	0.197	0.006	0.809
87	E	H	131.0	 -73.1	 -24.4	  95.7	  56.1	0.136	0.005	0.859
88	L	H	 39.8	 -92.2	  -2.3	  97.1	  47.1	0.196	0.005	0.783
89	G	C	 33.2	  84.1	  15.8	 106.0	-111.7	0.956	0.015	0.031
90	G	C	 19.2	  94.9	 171.3	 125.2	-114.4	0.861	0.059	0.079
91	A	C	 33.6	 -81.3	  12.4	 104.6	 -54.3	0.819	0.044	0.126
92	G	C	 15.0	  38.1	 -25.0	 110.6	-151.9	0.625	0.038	0.325
93	L	C	 21.3	 -80.6	   9.3	 103.2	 119.6	0.586	0.078	0.354
94	D	C	 41.1	 -80.0	 -87.3	 106.4	 116.2	0.546	0.032	0.413
95	Y	H	 28.4	 -68.2	 -38.8	  96.2	  47.4	0.150	0.027	0.820
96	L	H	 13.7	 -64.0	 -40.2	  93.5	  58.5	0.034	0.028	0.948
97	A	H	  5.9	 -63.1	 -40.8	  92.0	  53.6	0.012	0.005	0.984
98	Y	H	 14.1	 -65.0	 -41.9	  91.9	  48.3	0.009	0.004	0.988
99	A	H	  3.5	 -62.3	 -40.7	  90.4	  51.3	0.005	0.005	0.993
100	I	H	 15.6	 -64.5	 -42.8	  91.9	  47.5	0.015	0.013	0.976
101	A	H	  4.1	 -63.1	 -41.2	  91.9	  51.0	0.014	0.013	0.978
102	M	H	 11.2	 -64.1	 -40.3	  91.8	  51.2	0.028	0.003	0.970
103	E	H	 32.6	 -63.9	 -42.1	  92.0	  51.1	0.005	0.002	0.994
104	E	H	 35.2	 -66.3	 -40.0	  92.3	  48.7	0.040	0.009	0.949
105	I	H	 11.0	 -68.9	 -39.2	  93.1	  47.9	0.105	0.003	0.892
106	S	H	 12.4	 -70.1	 -34.5	  94.9	  49.3	0.160	0.006	0.839
107	R	H	 83.6	 -69.8	 -33.3	  95.6	  56.8	0.241	0.016	0.743
108	G	H	 19.0	 -81.9	 -21.1	 101.6	  42.0	0.330	0.021	0.658
109	C	C	 10.0	 -87.0	  -6.5	 106.1	  54.2	0.553	0.109	0.346
110	A	C	 30.6	 -70.6	 -18.8	  98.9	 101.0	0.565	0.054	0.370
111	S	C	 48.9	 -81.4	 -22.7	  99.7	  62.6	0.618	0.082	0.309
112	T	C	 33.2	-102.6	  -4.9	 105.4	  49.0	0.660	0.180	0.170
113	G	C	  8.6	  64.0	  25.6	 106.1	-139.9	0.960	0.033	0.011
114	V	C	  7.7	-111.7	 134.8	 123.4	 168.7	0.546	0.457	0.015
115	I	E	 11.8	-103.0	 129.2	 116.1	-152.8	0.120	0.842	0.056
116	M	E	 12.2	-105.2	 126.0	 116.7	-168.4	0.107	0.796	0.098
117	S	E	  8.3	-121.3	 138.4	 124.4	-166.9	0.136	0.834	0.033
118	V	E	  8.3	-109.4	 135.2	 118.7	-159.9	0.418	0.514	0.079
119	N	E	 29.4	 -95.0	 115.7	 111.5	-154.3	0.440	0.459	0.113
120	N	C	 26.0	 -91.8	  13.9	 107.0	-178.4	0.533	0.159	0.298
121	S	C	 16.5	 -90.6	  24.5	 107.3	  78.2	0.522	0.154	0.361
122	L	C	 24.4	 -76.7	 -12.1	  99.6	  94.1	0.568	0.061	0.374
123	Y	C	 41.1	 -89.3	 -10.6	 106.1	  51.3	0.592	0.118	0.305
124	L	H	 26.4	 -82.5	  -8.4	 102.0	  81.9	0.433	0.048	0.512
125	G	H	 11.3	 -69.6	 -89.3	 111.4	  80.9	0.459	0.043	0.503
126	P	H	 18.3	 -63.6	 -31.7	  94.8	  -1.5	0.190	0.059	0.741
127	I	H	 20.0	 -70.2	 -35.9	  92.7	  50.6	0.298	0.057	0.645
128	L	H	 48.4	 -69.5	 -28.3	  93.7	  54.4	0.271	0.058	0.665
129	K	H	107.6	 -76.7	 -24.4	  98.4	  64.7	0.313	0.009	0.666
130	F	H	 51.2	 -96.2	   4.5	 104.3	  35.1	0.409	0.003	0.593
131	G	C	 10.7	 168.0	-167.9	 126.6	  81.1	0.985	0.007	0.009
132	S	C	 40.5	-101.4	 161.9	 125.1	 -68.4	0.993	0.004	0.006
133	K	H	140.7	 -55.5	 -41.4	  91.0	-103.6	0.032	0.001	0.971
134	E	H	132.8	 -63.8	 -37.4	  91.0	  53.5	0.016	0.000	0.983
135	Q	H	 31.6	 -69.0	 -36.1	  92.4	  49.8	0.041	0.003	0.954
136	K	H	 30.2	 -62.7	 -39.4	  92.4	  58.3	0.020	0.002	0.978
137	Q	H	106.0	 -69.0	 -32.5	  93.3	  52.8	0.145	0.018	0.828
138	A	H	 51.6	 -80.2	 -23.6	  97.1	  52.2	0.487	0.011	0.499
139	W	C	 37.3	-100.4	 -22.1	 106.2	  36.1	0.734	0.045	0.287
140	V	E	 12.9	-102.9	 124.9	 116.8	  73.8	0.177	0.680	0.132
141	T	C	 59.2	 -98.4	 138.0	 118.0	-166.8	0.797	0.139	0.077
142	P	C	 49.2	 -65.3	 142.4	 110.0	-107.0	0.835	0.137	0.044
143	F	C	 44.6	 -89.3	 107.0	 109.8	-153.7	0.588	0.324	0.092
144	T	C	 37.7	 -95.5	   4.6	 108.3	  47.5	0.656	0.328	0.016
145	S	C	 73.2	 -91.8	 105.1	 109.9	-131.3	0.942	0.044	0.015
146	G	C	 30.2	  95.0	 -62.8	 113.5	   5.6	0.913	0.068	0.031
147	D	C	 90.3	 -77.4	 -21.4	 103.2	  75.1	0.981	0.014	0.011
148	K	E	 93.1	-114.2	 144.0	 126.0	 -11.3	0.444	0.531	0.029
149	I	E	 17.2	-117.3	 133.4	 123.0	-163.2	0.051	0.949	0.005
150	G	E	  5.8	-128.1	 167.0	 131.4	-176.0	0.140	0.860	0.003
151	C	E	  3.2	-142.2	 151.0	 136.1	-151.0	0.067	0.916	0.017
152	F	E	 17.1	-128.6	 143.6	 128.8	-156.4	0.054	0.942	0.010
153	A	E	  7.2	-119.1	 140.4	 126.1	-163.0	0.062	0.931	0.005
154	L	E	 13.1	 -98.8	 119.4	 111.2	-154.4	0.496	0.506	0.007
155	S	C	 26.2	-113.1	 154.4	 121.6	 176.5	0.539	0.465	0.003
156	E	C	 57.8	 -96.7	 124.5	 115.8	-111.7	0.693	0.281	0.015
157	P	C	 64.1	 -63.4	 145.7	 108.0	-112.0	0.879	0.068	0.049
158	G	C	 43.9	  86.5	 -18.9	 109.2	  32.3	0.904	0.054	0.051
159	N	C	 78.4	 -88.0	  64.8	 107.8	  31.8	0.953	0.018	0.036
160	G	C	 38.8	  88.3	   2.1	 107.1	 -69.3	0.921	0.026	0.055
161	S	C	 62.1	 -84.5	 142.2	 112.0	 125.6	0.840	0.106	0.056
162	D	C	 67.8	 -81.6	  47.8	 102.9	-106.8	0.786	0.129	0.073
163	A	C	 19.6	 -79.3	 -11.5	 100.7	 147.3	0.707	0.085	0.206
164	G	C	 29.0	 -78.2	  -8.8	 104.6	  86.4	0.615	0.105	0.288
165	A	C	 55.7	 -86.0	  19.4	 106.6	  67.2	0.581	0.164	0.287
166	A	C	 40.1	 -85.3	 139.2	 112.3	 148.5	0.768	0.097	0.134
167	S	C	 55.5	-114.1	 142.5	 123.6	-157.0	0.687	0.285	0.025
168	T	C	 42.9	-113.7	 144.6	 123.6	-158.9	0.608	0.386	0.009
169	T	E	 58.9	-121.9	 143.1	 124.9	-166.6	0.184	0.823	0.005
170	A	E	 18.7	-121.4	 143.1	 128.6	-161.5	0.103	0.884	0.009
171	R	E	111.9	-132.0	 138.0	 128.0	-161.2	0.044	0.949	0.006
172	A	E	 39.7	 -90.2	 129.6	 114.4	-135.8	0.093	0.899	0.005
173	E	E	114.4	-129.1	 107.3	 115.5	 179.8	0.195	0.802	0.011
174	G	C	 55.7	  69.3	-138.0	 116.0	 -46.2	0.971	0.023	0.003
175	D	C	107.6	 -90.0	   8.9	  96.1	 -28.8	0.974	0.024	0.001
176	S	E	 31.6	-126.4	 143.6	 131.6	  95.3	0.108	0.890	0.004
177	W	E	 42.1	-105.7	 134.1	 120.0	-139.3	0.060	0.935	0.011
178	V	E	 20.0	-119.5	 132.5	 121.9	-155.1	0.005	0.996	0.000
179	L	E	 16.2	 -96.2	 131.7	 116.7	-147.5	0.034	0.959	0.012
180	N	E	 47.3	 -81.7	  78.1	 105.6	-162.4	0.454	0.545	0.005
181	G	C	 17.3	 102.3	  -2.0	 108.9	 -62.9	0.478	0.475	0.026
182	T	E	 24.9	-107.3	 139.7	 121.0	 120.8	0.131	0.867	0.006
183	K	E	 44.1	-114.2	 136.6	 120.8	-155.5	0.075	0.912	0.023
184	A	E	  4.9	-123.2	 136.6	 124.9	-174.4	0.010	0.989	0.001
185	W	E	 35.6	-120.8	 138.2	 125.8	-158.7	0.036	0.963	0.003
186	I	E	  8.2	-110.1	 123.2	 116.4	-158.4	0.294	0.702	0.015
187	T	E	 13.3	-115.2	 174.2	 122.2	 169.2	0.456	0.532	0.012
188	N	C	 38.0	  -7.3	  48.3	 103.2	 -36.6	0.752	0.234	0.022
189	A	C	 18.2	 -82.9	   7.8	 104.8	 130.6	0.768	0.110	0.137
190	W	C	 84.2	  46.9	   6.3	 102.1	 -95.4	0.761	0.065	0.192
191	E	C	 84.7	 -89.3	  32.4	 106.8	  48.4	0.786	0.115	0.092
192	A	C	 10.4	 -95.0	 135.1	 118.2	 147.6	0.662	0.282	0.054
193	S	C	 36.9	 -97.3	 -24.9	 100.5	-173.0	0.641	0.316	0.052
194	A	E	  7.9	-153.8	 151.8	 138.7	   4.0	0.032	0.967	0.004
195	A	E	  5.3	-138.2	 147.5	 131.6	-165.8	0.018	0.979	0.004
196	V	E	  5.7	-118.4	 129.8	 121.0	-154.4	0.003	0.996	0.001
197	V	E	  5.5	-110.8	 127.5	 119.1	-160.8	0.005	0.992	0.008
198	F	E	 13.3	-109.6	 131.2	 120.8	-165.3	0.024	0.945	0.041
199	A	E	  6.8	-122.6	 139.7	 126.9	-163.1	0.124	0.836	0.015
200	S	E	 16.0	-129.4	 148.7	 130.9	-177.1	0.145	0.851	0.008
201	T	C	 25.6	-102.3	  30.0	 111.5	-151.0	0.694	0.288	0.008
202	D	C	 56.8	-102.9	 120.8	 113.6	-172.2	0.919	0.055	0.020
203	R	H	141.8	 -64.2	 -26.9	  92.0	-159.2	0.457	0.008	0.550
204	A	C	 60.9	 -67.7	 -26.9	  91.7	  58.0	0.749	0.015	0.247
205	L	C	 56.5	 -81.0	  -2.4	  96.5	  55.6	0.616	0.025	0.366
206	Q	C	121.0	 -63.8	  56.1	 106.2	 157.9	0.822	0.050	0.137
207	N	C	 59.1	 -99.3	 100.0	 111.4	  61.3	0.605	0.188	0.222
208	K	E	 94.9	 -94.0	  71.4	 109.9	-174.0	0.456	0.481	0.044
209	G	C	 16.6	-155.7	 174.8	 122.8	-172.4	0.594	0.369	0.034
210	I	C	 17.8	-106.0	 131.7	 119.9	 -87.8	0.597	0.362	0.022
211	S	E	 19.5	-111.6	 153.7	 117.1	 178.4	0.312	0.628	0.051
212	A	E	  4.7	-131.7	 146.2	 131.2	-165.8	0.074	0.916	0.019
213	F	E	 15.1	-121.0	 137.8	 124.8	-159.7	0.095	0.854	0.044
214	L	E	 23.5	-105.6	 126.6	 116.1	-150.4	0.058	0.924	0.014
215	V	E	  7.8	-118.6	 132.0	 123.0	-175.6	0.291	0.700	0.008
216	P	E	 57.3	 -67.0	 143.6	 115.7	-122.2	0.128	0.881	0.006
217	M	C	 57.4	-105.8	 137.0	 120.3	-133.5	0.943	0.051	0.005
218	P	C	109.1	 -76.1	  57.9	 102.2	-126.8	0.977	0.019	0.007
219	T	C	 40.1	-102.5	 143.8	 120.8	 130.9	0.979	0.018	0.005
220	P	C	 93.8	 -61.3	 129.1	 106.5	 -95.0	0.964	0.020	0.017
221	G	C	 36.3	  88.4	 -26.2	 109.0	  30.6	0.904	0.072	0.033
222	L	C	 27.7	 -89.5	 134.0	 115.2	 114.5	0.616	0.330	0.047
223	T	C	 75.0	-107.1	 136.4	 118.7	-172.9	0.497	0.438	0.053
224	L	C	 60.5	 -96.1	 108.6	 110.7	-150.2	0.618	0.320	0.060
225	G	C	 23.0	  98.7	 176.5	 122.0	-117.7	0.726	0.195	0.089
226	K	C	119.0	 -87.0	 138.8	 115.6	 -70.9	0.673	0.228	0.117
227	K	C	114.2	 -78.8	  98.7	 104.9	-135.1	0.361	0.317	0.288
228	E	H	 69.7	 -80.7	  33.6	 104.8	-156.6	0.265	0.116	0.675
229	D	C	 90.1	 -78.9	 -20.1	 101.3	  79.0	0.493	0.053	0.436
230	K	H	106.8	 -84.3	 -15.7	 103.4	  66.2	0.394	0.105	0.502
231	L	H	 45.8	 -92.5	   4.8	 100.1	  55.8	0.373	0.030	0.590
232	G	C	 23.1	  98.0	 125.1	 114.2	-115.0	0.771	0.192	0.037
233	I	C	 35.0	 -95.9	 129.0	 113.4	 166.1	0.618	0.311	0.064
234	R	C	 82.2	-102.4	 136.0	 117.6	-167.3	0.576	0.348	0.063
235	G	C	 25.7	 -97.2	 155.2	 120.5	-144.8	0.600	0.345	0.050
236	S	C	 30.9	-105.7	 144.0	 119.1	-160.7	0.658	0.253	0.096
237	S	C	 56.1	 -72.7	 -13.5	  98.0	-121.5	0.823	0.105	0.070
238	T	C	 52.1	-100.4	  44.3	 108.9	  81.5	0.779	0.120	0.114
239	A	C	 11.8	-100.2	 135.3	 117.4	 125.1	0.605	0.291	0.118
240	N	C	 60.6	 -87.6	 104.5	 109.1	-157.4	0.443	0.423	0.138
241	L	E	 20.5	 -98.0	 124.4	 114.1	-161.1	0.220	0.659	0.119
242	I	E	 22.2	-107.3	 130.6	 116.0	-173.0	0.060	0.869	0.086
243	F	E	 27.8	-107.1	 129.7	 119.3	-154.8	0.311	0.574	0.065
244	E	E	 56.1	-100.3	 129.7	 115.3	-170.8	0.326	0.602	0.073
245	D	C	 73.5	  49.0	  29.4	  96.2	  18.6	0.624	0.288	0.087
246	C	C	 11.7	 -92.1	 140.5	 119.5	 157.0	0.555	0.414	0.021
247	R	E	121.6	-104.5	 123.0	 115.4	-148.5	0.450	0.497	0.042
248	I	C	 18.3	 -99.2	 129.0	 116.2	-158.8	0.911	0.073	0.025
249	P	C	 42.5	 -65.1	 145.8	 113.2	-116.1	0.645	0.310	0.049
250	K	H	110.1	 -60.3	 -33.2	  94.9	-115.3	0.416	0.019	0.594
251	D	H	 91.4	 -77.8	   6.2	 100.4	  59.0	0.310	0.020	0.669
252	S	H	 26.9	 -93.5	   4.7	 100.1	  56.2	0.472	0.043	0.486
253	I	C	 39.5	 -81.4	 -19.9	  99.3	 103.4	0.574	0.174	0.244
254	L	C	 44.4	 -89.9	   2.6	  99.3	  45.7	0.803	0.146	0.044
255	G	C	 29.5	  87.9	-177.7	 124.8	-133.8	0.889	0.068	0.051
256	E	C	115.9	 -96.2	 137.6	 119.4	 -71.4	0.928	0.059	0.017
257	P	C	 88.9	 -60.1	 140.8	 113.1	 -92.2	0.953	0.015	0.037
258	G	C	 40.4	  76.6	  -9.8	 100.2	  32.6	0.915	0.021	0.076
259	M	C	 79.2	 -93.2	  -9.7	 103.5	  85.0	0.856	0.047	0.102
260	G	C	 19.4	 106.0	-148.6	 116.7	-128.2	0.717	0.197	0.104
261	F	E	 34.6	 -95.8	 131.8	 117.6	 -79.3	0.384	0.462	0.157
262	K	C	 77.0	-109.1	 140.0	 117.6	-172.6	0.419	0.415	0.160
263	I	E	 24.6	-103.0	 123.3	 114.6	-166.7	0.189	0.615	0.217
264	A	E	  9.9	 -85.7	 -24.1	 106.4	 177.4	0.127	0.505	0.317
265	M	E	 24.6	 -94.9	  80.4	 108.9	 140.0	0.077	0.552	0.398
266	Q	H	 57.7	 -88.7	  81.1	 108.2	 145.8	0.299	0.282	0.427
267	T	H	 29.9	 -91.2	  87.9	 109.3	 155.5	0.330	0.226	0.474
268	L	C	 35.0	 -83.6	  15.5	 104.8	 111.0	0.529	0.165	0.319
269	D	C	 51.5	 -86.9	  78.1	 105.7	 167.1	0.670	0.105	0.214
270	M	C	 76.7	  -7.9	   7.4	  97.6	 -65.7	0.823	0.039	0.151
271	G	C	 31.5	  61.1	  -5.4	  98.4	   5.7	0.715	0.033	0.233
272	R	C	 62.0	 -79.1	 -17.2	  99.8	  74.6	0.460	0.148	0.415
273	I	H	 29.6	 -85.5	 -14.2	 102.6	  73.6	0.303	0.099	0.584
274	G	H	 13.7	 -64.1	 -49.2	 101.6	  55.9	0.307	0.075	0.638
275	I	H	 19.3	 -70.4	 -38.4	  95.5	  45.5	0.079	0.021	0.910
276	A	H	  8.0	 -63.1	 -40.8	  93.3	  55.5	0.062	0.018	0.926
277	S	H	 24.9	 -63.8	 -39.7	  91.6	  51.4	0.068	0.015	0.918
278	Q	H	 49.9	 -65.3	 -38.7	  91.5	  49.3	0.035	0.004	0.959
279	A	H	  6.4	 -65.4	 -39.7	  92.6	  50.8	0.049	0.002	0.951
280	L	H	 33.0	 -65.6	 -39.2	  92.9	  49.6	0.106	0.015	0.885
281	G	H	 21.1	 -61.0	 -42.4	  92.9	  52.2	0.093	0.004	0.903
282	I	H	 23.5	 -65.8	 -42.1	  92.1	  49.9	0.018	0.002	0.981
283	A	H	  6.7	 -63.2	 -40.7	  91.4	  50.5	0.007	0.003	0.991
284	Q	H	 59.7	 -62.6	 -41.9	  91.2	  51.3	0.010	0.001	0.990
285	T	H	 47.8	 -64.3	 -41.9	  91.7	  48.9	0.023	0.002	0.976
286	A	H	  7.6	 -63.9	 -42.0	  92.2	  49.1	0.011	0.001	0.989
287	L	H	 22.2	 -63.1	 -42.0	  91.3	  50.3	0.009	0.001	0.991
288	D	H	 68.4	 -61.5	 -40.4	  90.7	  51.2	0.005	0.002	0.994
289	C	H	 26.8	 -65.5	 -40.1	  91.7	  49.2	0.013	0.001	0.987
290	A	H	  4.9	 -63.3	 -42.3	  92.5	  52.0	0.005	0.001	0.994
291	V	H	 28.4	 -62.8	 -44.0	  92.0	  50.0	0.015	0.003	0.983
292	N	H	 90.0	 -62.5	 -40.5	  91.1	  51.3	0.012	0.001	0.989
293	Y	H	 38.5	 -66.1	 -40.4	  92.2	  49.8	0.026	0.001	0.976
294	A	H	  7.8	 -62.0	 -41.7	  91.7	  52.4	0.012	0.001	0.987
295	E	H	113.1	 -63.7	 -39.8	  91.6	  51.0	0.051	0.001	0.955
296	N	H	 74.5	 -70.6	 -35.0	  93.8	  45.0	0.223	0.006	0.782
297	R	H	 39.3	 -64.1	 -38.8	  93.2	  56.5	0.096	0.003	0.894
298	M	H	104.0	 -65.6	 -35.9	  92.4	  53.4	0.261	0.019	0.724
299	A	H	 62.1	 -71.7	 -29.8	  94.2	  53.0	0.172	0.004	0.821
300	F	H	 70.7	 -87.8	  -6.2	  97.2	  41.0	0.214	0.000	0.781
301	G	C	 43.7	  82.7	   5.6	  99.4	-107.5	0.888	0.004	0.096
302	A	C	 37.4	 -73.9	 150.5	 115.8	 123.1	0.966	0.003	0.025
303	P	C	 63.7	 -66.5	 140.9	 109.3	 -92.3	0.635	0.068	0.303
304	L	H	 45.8	 -64.9	 -35.6	  95.7	-131.2	0.284	0.032	0.671
305	T	H	 59.0	 -67.8	 -35.7	  95.1	  60.4	0.194	0.029	0.765
306	K	H	119.1	 -73.1	 -28.2	  93.0	  51.6	0.102	0.004	0.889
307	L	H	 40.3	 -81.4	  -3.0	  99.7	  68.3	0.483	0.003	0.520
308	Q	H	 71.9	 -63.5	 -36.1	  95.6	  79.7	0.093	0.004	0.909
309	V	H	 64.3	 -65.2	 -41.3	  93.3	  51.9	0.047	0.002	0.952
310	I	H	 35.6	 -64.3	 -43.3	  91.8	  50.1	0.034	0.012	0.956
311	Q	H	 48.1	 -62.1	 -41.2	  90.9	  51.6	0.051	0.006	0.946
312	F	H	 82.6	 -65.0	 -40.5	  92.0	  49.7	0.038	0.002	0.960
313	K	H	 87.0	 -63.3	 -41.9	  91.6	  50.0	0.003	0.000	0.997
314	L	H	 35.5	 -65.1	 -40.9	  92.6	  49.4	0.012	0.003	0.986
315	A	H	 19.1	 -62.0	 -44.3	  92.0	  52.3	0.019	0.004	0.978
316	D	H	 62.5	 -63.5	 -40.4	  91.1	  49.9	0.025	0.001	0.977
317	M	H	 49.1	 -64.0	 -39.9	  90.9	  50.6	0.016	0.002	0.982
318	A	H	 17.3	 -62.0	 -41.5	  91.6	  53.2	0.009	0.002	0.989
319	L	H	 48.6	 -65.4	 -39.8	  92.1	  49.1	0.039	0.012	0.950
320	A	H	 33.2	 -62.7	 -43.2	  92.6	  51.2	0.009	0.001	0.990
321	L	H	 36.6	 -64.6	 -42.9	  92.4	  48.7	0.018	0.002	0.982
322	E	H	 45.0	 -63.4	 -42.9	  91.5	  48.2	0.011	0.007	0.984
323	S	H	 21.2	 -63.4	 -40.7	  91.1	  49.7	0.014	0.001	0.985
324	A	H	 15.3	 -62.9	 -40.0	  90.6	  50.9	0.028	0.001	0.970
325	R	H	 55.7	 -63.2	 -40.7	  91.5	  51.8	0.005	0.001	0.995
326	L	H	 27.0	 -63.7	 -40.2	  91.8	  50.8	0.012	0.005	0.984
327	L	H	 30.1	 -66.6	 -40.2	  93.6	  50.2	0.055	0.004	0.942
328	T	H	 16.2	 -65.1	 -43.8	  93.0	  48.9	0.013	0.002	0.987
329	W	H	 42.4	 -63.3	 -44.9	  91.9	  48.9	0.004	0.002	0.995
330	R	H	 65.9	 -62.4	 -42.9	  91.2	  49.7	0.002	0.002	0.998
331	A	H	  8.1	 -62.3	 -41.4	  91.1	  51.1	0.005	0.002	0.994
332	A	H	  8.3	 -63.7	 -41.7	  91.7	  50.4	0.010	0.001	0.990
333	M	H	 40.6	 -64.3	 -39.7	  91.7	  51.3	0.024	0.004	0.974
334	L	H	 38.7	 -64.8	 -38.6	  92.0	  50.9	0.189	0.005	0.804
335	K	H	104.4	 -65.2	 -41.8	  95.5	  56.4	0.227	0.003	0.775
336	D	C	 72.2	 -75.2	 -23.6	  95.4	  50.6	0.496	0.007	0.494
337	N	C	 88.1	 -90.6	  10.2	  97.0	  54.6	0.893	0.001	0.107
338	K	C	156.9	  50.8	  27.5	  94.0	-117.9	0.963	0.005	0.028
339	K	C	 92.0	 -91.5	 134.3	 115.7	 149.2	0.979	0.013	0.009
340	P	C	 66.3	 -67.3	 133.3	 109.2	-118.3	0.928	0.043	0.037
341	F	C	 52.0	 -89.5	  53.5	 107.2	-162.6	0.832	0.064	0.110
342	I	H	 64.7	 -85.4	-165.0	 110.5	 141.3	0.363	0.003	0.639
343	K	H	 94.4	 -65.1	 -43.1	  96.2	  53.5	0.065	0.009	0.926
344	E	H	 82.7	 -64.7	 -40.4	  92.5	  51.8	0.053	0.011	0.941
345	A	H	 22.7	 -63.6	 -40.8	  91.1	  50.6	0.019	0.003	0.981
346	A	H	 22.2	 -63.7	 -42.4	  91.8	  50.4	0.008	0.001	0.992
347	M	H	 59.5	 -64.0	 -41.2	  91.4	  49.8	0.010	0.001	0.989
348	A	H	 26.6	 -62.5	 -40.7	  92.2	  54.0	0.037	0.004	0.961
349	K	H	 84.8	 -63.3	 -41.7	  91.6	  50.7	0.010	0.004	0.987
350	L	H	 62.3	 -63.9	 -41.9	  91.8	  49.4	0.050	0.005	0.946
351	A	H	 39.9	 -66.6	 -36.9	  93.2	  50.2	0.090	0.007	0.908
352	A	H	 26.7	 -65.3	 -38.2	  94.3	  55.4	0.066	0.001	0.937
353	S	H	 44.7	 -63.6	 -42.9	  92.7	  50.6	0.053	0.002	0.949
354	E	H	104.5	 -65.5	 -40.7	  92.0	  49.0	0.055	0.005	0.941
355	A	H	 25.5	 -65.7	 -39.3	  91.8	  49.9	0.014	0.002	0.984
356	A	H	 12.1	 -62.1	 -42.5	  91.9	  52.8	0.006	0.001	0.994
357	T	H	 51.3	 -63.9	 -42.8	  92.1	  49.3	0.015	0.002	0.985
358	A	H	 42.4	 -64.1	 -41.8	  92.0	  48.7	0.012	0.003	0.985
359	I	H	 17.4	 -69.5	 -40.9	  94.3	  47.0	0.111	0.006	0.885
360	S	H	 11.9	 -63.5	 -42.5	  93.0	  50.6	0.021	0.004	0.978
361	H	H	 77.0	 -66.0	 -41.5	  92.7	  47.8	0.040	0.001	0.960
362	Q	H	 50.7	 -64.7	 -40.9	  92.1	  48.1	0.033	0.005	0.963
363	A	H	  3.0	 -64.2	 -41.9	  92.1	  50.9	0.012	0.001	0.987
364	I	H	 29.3	 -66.7	 -39.4	  93.5	  49.8	0.080	0.006	0.921
365	Q	H	 66.4	 -65.5	 -38.4	  92.7	  52.2	0.042	0.012	0.946
366	I	H	 35.1	 -77.8	 -40.4	  98.2	  43.1	0.215	0.053	0.730
367	L	H	 31.0	 -84.5	 -18.5	  99.4	  36.9	0.301	0.031	0.682
368	G	C	 23.9	 -31.8	 -46.5	 104.8	 -26.8	0.593	0.024	0.382
369	G	C	 25.8	-125.3	-172.9	 112.3	 122.5	0.740	0.032	0.216
370	M	C	 50.1	 -93.0	  26.2	 106.0	  71.9	0.738	0.065	0.174
371	G	C	 26.8	  87.0	-106.4	 112.5	-102.0	0.771	0.100	0.137
372	Y	C	 69.7	 -83.3	  10.4	 105.8	 -44.7	0.759	0.088	0.179
373	V	C	 39.5	 -99.5	  86.7	 110.1	  88.0	0.621	0.051	0.334
374	T	C	 64.0	 -85.4	 -26.3	  98.6	  80.8	0.761	0.030	0.227
375	E	C	 98.7	 -94.3	   7.3	 107.1	  50.9	0.577	0.139	0.291
376	M	C	 50.3	 -85.8	 146.0	 116.0	 177.4	0.868	0.053	0.085
377	P	C	 48.8	 -62.9	  77.4	 102.9	-114.8	0.718	0.024	0.277
378	A	H	 19.6	 -69.2	 -32.9	  97.6	  68.7	0.291	0.074	0.621
379	E	H	 54.8	 -72.2	 -32.1	  98.2	  60.7	0.172	0.052	0.761
380	R	H	 91.2	 -73.0	 -31.1	  95.1	  51.1	0.230	0.077	0.681
381	H	H	 61.6	 -79.0	 -19.2	  99.8	  58.8	0.460	0.078	0.461
382	Y	C	 52.8	 -88.3	  33.0	 106.0	  73.1	0.575	0.072	0.360
383	R	C	 92.3	 -85.0	 -17.3	 106.2	 113.6	0.573	0.106	0.336
384	D	C	 63.4	 -80.2	   2.7	  99.9	  50.2	0.585	0.108	0.315
385	A	C	 16.4	 -80.6	 103.4	 108.5	 124.9	0.694	0.160	0.168
386	R	C	110.8	 -96.9	 106.4	 110.1	-174.5	0.458	0.266	0.271
387	I	H	 29.3	 -90.7	 124.5	 112.0	 179.3	0.338	0.250	0.441
388	T	H	 51.9	 -94.6	 -20.8	 106.5	 159.4	0.141	0.380	0.472
389	E	H	 68.7	 -90.9	  26.3	 108.0	  61.4	0.307	0.208	0.447
390	I	H	 42.9	 -86.9	  13.4	 107.1	 106.8	0.387	0.228	0.397
391	Y	H	 50.4	 -94.1	  75.6	 107.8	 144.7	0.365	0.289	0.373
392	E	C	101.0	 -78.3	  74.7	 106.0	 171.1	0.671	0.085	0.245
393	G	C	 34.8	 -90.2	  -3.6	 109.6	  51.3	0.736	0.034	0.214
394	T	C	 43.9	 -88.3	 130.6	 112.0	 136.8	0.764	0.044	0.185
395	S	C	 44.8	 -79.9	-124.5	 108.6	-159.3	0.525	0.027	0.440
396	E	H	 63.4	 -62.4	 -43.8	  94.3	 -43.8	0.028	0.012	0.966
397	I	H	 33.7	 -63.6	 -42.2	  90.0	  50.1	0.012	0.006	0.985
398	Q	H	 46.3	 -62.6	 -41.2	  91.0	  51.8	0.015	0.001	0.982
399	R	H	 61.7	 -63.3	 -41.5	  91.9	  51.1	0.004	0.003	0.993
400	L	H	 41.1	 -65.4	 -40.7	  92.3	  50.2	0.005	0.016	0.988
401	V	H	 33.5	 -65.3	 -45.2	  92.9	  48.5	0.015	0.011	0.975
402	I	H	 25.8	 -65.1	 -45.1	  92.6	  46.6	0.004	0.003	0.994
403	A	H	 12.3	 -61.6	 -40.5	  90.9	  50.9	0.010	0.004	0.988
404	G	H	 17.5	 -61.3	 -41.6	  91.1	  53.2	0.019	0.002	0.980
405	H	H	 74.0	 -67.8	 -39.3	  92.7	  48.9	0.037	0.002	0.966
406	L	H	 40.3	 -64.4	 -42.3	  92.2	  50.7	0.050	0.010	0.938
407	L	H	 51.1	 -65.8	 -34.4	  92.3	  49.9	0.186	0.012	0.796
408	R	H	129.6	 -66.7	 -35.2	  93.6	  54.2	0.296	0.013	0.683
409	S	H	 64.8	 -70.4	 -27.6	  94.0	  52.8	0.360	0.010	0.623
410	Y	H	 88.7	 -81.7	 -20.0	  98.2	  50.5	0.474	0.009	0.508
411	R	C	148.6	 -84.1	   8.4	 102.9	  60.8	0.752	0.015	0.218
412	S	C	 93.3	 -85.7	  57.9	 106.8	 100.8	0.852	0.010	0.126
